"Receiver ID","Receiver Name","Transaction Set Purpose Code","ASN Number","ASN Date","ASN Time","ASN Structure Code","Shipped Date","Shipped Time","Estimated Delivery Date","Estimated Delivery Time","Shipment Packaging Code ","Shipment Quantity","Shipment Weight Qualifier","Shipment Weight","Shipment Weight UOM","Shipment Volume","Shipment Volume UOM","Contact Name","Contact Phone","Contact Fax","Contact Email","Shipment Method of Payment","F.O.B. Point Code","F.O.B. Point","Routing Sequence Code","SCAC Code","Transportation Method","Routing/Carrier Name","Shipment Status Code","Service Level Code","Master Bill of Lading","Bill of Lading","PRO/Tracking/Pickup #","Invoice Number","Shipment Packing List Number","Manifest Number","Route Number","Mutually Defined","Ship To Name","Ship To Code Type","Ship To Code","Ship To Additional Name 1","Ship To Address 1","Ship To Address 2","Ship To City","Ship To State","Ship To ZipCode","Ship To Country","Bill To Name","Bill To Code Type","Bill To Code","Bill To Additional Name 1","Bill To Address 1","Bill To Address 2","Bill To City","Bill To State","Bill To ZipCode","Bill To Country","Ship From Name","Ship From Code Type","Ship From Code","Ship From Additional Name 1","Ship From Address 1","Ship From Address 2","Ship From City","Ship From State","Ship From ZipCode","Ship From Country","Reserved Shipment Field 1","Reserved Shipment Field 2","Reserved Shipment Field 3","Reserved Shipment Field 4","Reserved Shipment Field 5","Reserved Shipment Field 6","Reserved Shipment Field 7","Reserved Shipment Field 8","Reserved Shipment Field 9","Reserved Shipment Field 10","PO Number","PO Date","Release Number","Contract Number","PO Description Code","PO Description","Order Packaging Code ","Order Lading Quantity","Order Weight Qualifier","Order Weight","Order Weight UOM","Order Volume","Order Volume UOM","Order Status Code","Internal Vendor Number","Department Number","Invoice Number","Vendor Order Number","Buyer Buyer Name","Buyer Buyer Code Type","Buyer Buyer Code","Store Name","Store Code Type","Store Code","Store Address 1","Store Address 2","Store City","Store State","Store ZipCode","Store Country","Reserved Order Field 1","Reserved Order Field 2","Reserved Order Field 3","Reserved Order Field 4","Reserved Order Field 5","Carton ID Qualifier","Carton ID","Tracking Number","Carton Weight Qualifier","Carton Weight","Carton Weight UOM","Carton Volume","Carton Volume UOM","Carton Length","Carton Width","Carton Height","Carton Dimension UOM","Tare ID Qualifier","Tare ID","Reserved Package Field 1","Reserved Package Field 2","Reserved Package Field 3","Reserved Package Field 4","Reserved Package Field 5","PO Line Number","UPC/EAN Qualifier","UPC/EAN Code","Vendor Item Qualifier","Vendor Item Code","Buyer Item Qualifier","Buyer Item Code","Color Description","Size Description","Item Description","Shipped Quantity","Unit of Measurement ","Ordered Quantity","Unit of Measurement ","Item Status Code",Pack,Size,"Size Unit of Measurement","Inner Pack","Item Packaging Code","Item Weight Qualifier","Item Weight","Item Weight UOM","Item Volume","Item Volume UOM","Item Length","Item Width","Item Height","Item Dimension UOM","Manufacturer Date","Expiration Date","Roll Number Sequential","Roll Number","Lot Number","Commodity Code","Country of Origin","Item Packing List Number","Serial Number","Covalent Path File Reference","Reserved Item Field 1","Reserved Item Field 2","Reserved Item Field 3","Reserved Item Field 4","Reserved Item Field 5"
086111470100,,,250006243111814,11/21/2014,08:27:53,,,,,,,,,,,,,,,,,,,,,NLRT,C,"National Retail Trans",,,11172014,,,,,,,,,,,,,,,,,,,,,,,,,,,,,,,,,,,,,,,,,,,,,,,,0030-1390493-3804,,,,,,CTN25,134,,,,,,,,,,,,,,,,,,,,,,,,,,,,,00008512380041467359,,,,,,,,,,,GM,00008512380041473268,,,,,,,UP,851238004120,,,,,,,,4,EA,88,,,4,,,,,,,,,,,,,,,,,,,,,,,\\Covhouprod01\MyB2BFiles\MyB2BFiles\DataFiles_V2\01026762440\Inbox\XMLASC\086111470100_850_2014111800090_{086111470100}_{690-32-925482056}_{850}_{0030-1390493-3804}_19.xmlasc?1?1?,,,,,
086111470100,,,250006243111814,11/21/2014,08:27:53,,,,,,,,,,,,,,,,,,,,,NLRT,C,"National Retail Trans",,,11172014,,,,,,,,,,,,,,,,,,,,,,,,,,,,,,,,,,,,,,,,,,,,,,,,0030-1390493-3804,,,,,,CTN25,134,,,,,,,,,,,,,,,,,,,,,,,,,,,,,00008512380041467366,,,,,,,,,,,GM,00008512380041473268,,,,,,,UP,851238004120,,,,,,,,4,EA,88,,,4,,,,,,,,,,,,,,,,,,,,,,,\\Covhouprod01\MyB2BFiles\MyB2BFiles\DataFiles_V2\01026762440\Inbox\XMLASC\086111470100_850_2014111800090_{086111470100}_{690-32-925482056}_{850}_{0030-1390493-3804}_19.xmlasc?1?1?,,,,,
086111470100,,,250006243111814,11/21/2014,08:27:53,,,,,,,,,,,,,,,,,,,,,NLRT,C,"National Retail Trans",,,11172014,,,,,,,,,,,,,,,,,,,,,,,,,,,,,,,,,,,,,,,,,,,,,,,,0030-1390493-3804,,,,,,CTN25,134,,,,,,,,,,,,,,,,,,,,,,,,,,,,,00008512380041467373,,,,,,,,,,,GM,00008512380041473268,,,,,,,UP,851238004120,,,,,,,,4,EA,88,,,4,,,,,,,,,,,,,,,,,,,,,,,\\Covhouprod01\MyB2BFiles\MyB2BFiles\DataFiles_V2\01026762440\Inbox\XMLASC\086111470100_850_2014111800090_{086111470100}_{690-32-925482056}_{850}_{0030-1390493-3804}_19.xmlasc?1?1?,,,,,
086111470100,,,250006243111814,11/21/2014,08:27:53,,,,,,,,,,,,,,,,,,,,,NLRT,C,"National Retail Trans",,,11172014,,,,,,,,,,,,,,,,,,,,,,,,,,,,,,,,,,,,,,,,,,,,,,,,0030-1390493-3804,,,,,,CTN25,134,,,,,,,,,,,,,,,,,,,,,,,,,,,,,00008512380041467380,,,,,,,,,,,GM,00008512380041473268,,,,,,,UP,851238004120,,,,,,,,4,EA,88,,,4,,,,,,,,,,,,,,,,,,,,,,,\\Covhouprod01\MyB2BFiles\MyB2BFiles\DataFiles_V2\01026762440\Inbox\XMLASC\086111470100_850_2014111800090_{086111470100}_{690-32-925482056}_{850}_{0030-1390493-3804}_19.xmlasc?1?1?,,,,,
086111470100,,,250006243111814,11/21/2014,08:27:53,,,,,,,,,,,,,,,,,,,,,NLRT,C,"National Retail Trans",,,11172014,,,,,,,,,,,,,,,,,,,,,,,,,,,,,,,,,,,,,,,,,,,,,,,,0030-1390493-3804,,,,,,CTN25,134,,,,,,,,,,,,,,,,,,,,,,,,,,,,,00008512380041467397,,,,,,,,,,,GM,00008512380041473268,,,,,,,UP,851238004120,,,,,,,,4,EA,88,,,4,,,,,,,,,,,,,,,,,,,,,,,\\Covhouprod01\MyB2BFiles\MyB2BFiles\DataFiles_V2\01026762440\Inbox\XMLASC\086111470100_850_2014111800090_{086111470100}_{690-32-925482056}_{850}_{0030-1390493-3804}_19.xmlasc?1?1?,,,,,
086111470100,,,250006243111814,11/21/2014,08:27:53,,,,,,,,,,,,,,,,,,,,,NLRT,C,"National Retail Trans",,,11172014,,,,,,,,,,,,,,,,,,,,,,,,,,,,,,,,,,,,,,,,,,,,,,,,0030-1390493-3804,,,,,,CTN25,134,,,,,,,,,,,,,,,,,,,,,,,,,,,,,00008512380041467403,,,,,,,,,,,GM,00008512380041473268,,,,,,,UP,851238004120,,,,,,,,4,EA,88,,,4,,,,,,,,,,,,,,,,,,,,,,,\\Covhouprod01\MyB2BFiles\MyB2BFiles\DataFiles_V2\01026762440\Inbox\XMLASC\086111470100_850_2014111800090_{086111470100}_{690-32-925482056}_{850}_{0030-1390493-3804}_19.xmlasc?1?1?,,,,,
086111470100,,,250006243111814,11/21/2014,08:27:53,,,,,,,,,,,,,,,,,,,,,NLRT,C,"National Retail Trans",,,11172014,,,,,,,,,,,,,,,,,,,,,,,,,,,,,,,,,,,,,,,,,,,,,,,,0030-1390493-3804,,,,,,CTN25,134,,,,,,,,,,,,,,,,,,,,,,,,,,,,,00008512380041467410,,,,,,,,,,,GM,00008512380041473268,,,,,,,UP,851238004120,,,,,,,,4,EA,88,,,4,,,,,,,,,,,,,,,,,,,,,,,\\Covhouprod01\MyB2BFiles\MyB2BFiles\DataFiles_V2\01026762440\Inbox\XMLASC\086111470100_850_2014111800090_{086111470100}_{690-32-925482056}_{850}_{0030-1390493-3804}_19.xmlasc?1?1?,,,,,
086111470100,,,250006243111814,11/21/2014,08:27:53,,,,,,,,,,,,,,,,,,,,,NLRT,C,"National Retail Trans",,,11172014,,,,,,,,,,,,,,,,,,,,,,,,,,,,,,,,,,,,,,,,,,,,,,,,0030-1390493-3804,,,,,,CTN25,134,,,,,,,,,,,,,,,,,,,,,,,,,,,,,00008512380041467427,,,,,,,,,,,GM,00008512380041473268,,,,,,,UP,851238004120,,,,,,,,4,EA,88,,,4,,,,,,,,,,,,,,,,,,,,,,,\\Covhouprod01\MyB2BFiles\MyB2BFiles\DataFiles_V2\01026762440\Inbox\XMLASC\086111470100_850_2014111800090_{086111470100}_{690-32-925482056}_{850}_{0030-1390493-3804}_19.xmlasc?1?1?,,,,,
086111470100,,,250006243111814,11/21/2014,08:27:53,,,,,,,,,,,,,,,,,,,,,NLRT,C,"National Retail Trans",,,11172014,,,,,,,,,,,,,,,,,,,,,,,,,,,,,,,,,,,,,,,,,,,,,,,,0030-1390493-3804,,,,,,CTN25,134,,,,,,,,,,,,,,,,,,,,,,,,,,,,,00008512380041467434,,,,,,,,,,,GM,00008512380041473268,,,,,,,UP,851238004120,,,,,,,,4,EA,88,,,4,,,,,,,,,,,,,,,,,,,,,,,\\Covhouprod01\MyB2BFiles\MyB2BFiles\DataFiles_V2\01026762440\Inbox\XMLASC\086111470100_850_2014111800090_{086111470100}_{690-32-925482056}_{850}_{0030-1390493-3804}_19.xmlasc?1?1?,,,,,
086111470100,,,250006243111814,11/21/2014,08:27:53,,,,,,,,,,,,,,,,,,,,,NLRT,C,"National Retail Trans",,,11172014,,,,,,,,,,,,,,,,,,,,,,,,,,,,,,,,,,,,,,,,,,,,,,,,0030-1390493-3804,,,,,,CTN25,134,,,,,,,,,,,,,,,,,,,,,,,,,,,,,00008512380041467441,,,,,,,,,,,GM,00008512380041473268,,,,,,,UP,851238004120,,,,,,,,4,EA,88,,,4,,,,,,,,,,,,,,,,,,,,,,,\\Covhouprod01\MyB2BFiles\MyB2BFiles\DataFiles_V2\01026762440\Inbox\XMLASC\086111470100_850_2014111800090_{086111470100}_{690-32-925482056}_{850}_{0030-1390493-3804}_19.xmlasc?1?1?,,,,,
086111470100,,,250006243111814,11/21/2014,08:27:53,,,,,,,,,,,,,,,,,,,,,NLRT,C,"National Retail Trans",,,11172014,,,,,,,,,,,,,,,,,,,,,,,,,,,,,,,,,,,,,,,,,,,,,,,,0030-1390493-3804,,,,,,CTN25,134,,,,,,,,,,,,,,,,,,,,,,,,,,,,,00008512380041467458,,,,,,,,,,,GM,00008512380041473268,,,,,,,UP,851238004120,,,,,,,,4,EA,88,,,4,,,,,,,,,,,,,,,,,,,,,,,\\Covhouprod01\MyB2BFiles\MyB2BFiles\DataFiles_V2\01026762440\Inbox\XMLASC\086111470100_850_2014111800090_{086111470100}_{690-32-925482056}_{850}_{0030-1390493-3804}_19.xmlasc?1?1?,,,,,
086111470100,,,250006243111814,11/21/2014,08:27:53,,,,,,,,,,,,,,,,,,,,,NLRT,C,"National Retail Trans",,,11172014,,,,,,,,,,,,,,,,,,,,,,,,,,,,,,,,,,,,,,,,,,,,,,,,0030-1390493-3804,,,,,,CTN25,134,,,,,,,,,,,,,,,,,,,,,,,,,,,,,00008512380041467465,,,,,,,,,,,GM,00008512380041473268,,,,,,,UP,851238004120,,,,,,,,4,EA,88,,,4,,,,,,,,,,,,,,,,,,,,,,,\\Covhouprod01\MyB2BFiles\MyB2BFiles\DataFiles_V2\01026762440\Inbox\XMLASC\086111470100_850_2014111800090_{086111470100}_{690-32-925482056}_{850}_{0030-1390493-3804}_19.xmlasc?1?1?,,,,,
086111470100,,,250006243111814,11/21/2014,08:27:53,,,,,,,,,,,,,,,,,,,,,NLRT,C,"National Retail Trans",,,11172014,,,,,,,,,,,,,,,,,,,,,,,,,,,,,,,,,,,,,,,,,,,,,,,,0030-1390493-3804,,,,,,CTN25,134,,,,,,,,,,,,,,,,,,,,,,,,,,,,,00008512380041467472,,,,,,,,,,,GM,00008512380041473268,,,,,,,UP,851238004120,,,,,,,,4,EA,88,,,4,,,,,,,,,,,,,,,,,,,,,,,\\Covhouprod01\MyB2BFiles\MyB2BFiles\DataFiles_V2\01026762440\Inbox\XMLASC\086111470100_850_2014111800090_{086111470100}_{690-32-925482056}_{850}_{0030-1390493-3804}_19.xmlasc?1?1?,,,,,
086111470100,,,250006243111814,11/21/2014,08:27:53,,,,,,,,,,,,,,,,,,,,,NLRT,C,"National Retail Trans",,,11172014,,,,,,,,,,,,,,,,,,,,,,,,,,,,,,,,,,,,,,,,,,,,,,,,0030-1390493-3804,,,,,,CTN25,134,,,,,,,,,,,,,,,,,,,,,,,,,,,,,00008512380041467489,,,,,,,,,,,GM,00008512380041473268,,,,,,,UP,851238004120,,,,,,,,4,EA,88,,,4,,,,,,,,,,,,,,,,,,,,,,,\\Covhouprod01\MyB2BFiles\MyB2BFiles\DataFiles_V2\01026762440\Inbox\XMLASC\086111470100_850_2014111800090_{086111470100}_{690-32-925482056}_{850}_{0030-1390493-3804}_19.xmlasc?1?1?,,,,,
086111470100,,,250006243111814,11/21/2014,08:27:53,,,,,,,,,,,,,,,,,,,,,NLRT,C,"National Retail Trans",,,11172014,,,,,,,,,,,,,,,,,,,,,,,,,,,,,,,,,,,,,,,,,,,,,,,,0030-1390493-3804,,,,,,CTN25,134,,,,,,,,,,,,,,,,,,,,,,,,,,,,,00008512380041467496,,,,,,,,,,,GM,00008512380041473268,,,,,,,UP,851238004120,,,,,,,,4,EA,88,,,4,,,,,,,,,,,,,,,,,,,,,,,\\Covhouprod01\MyB2BFiles\MyB2BFiles\DataFiles_V2\01026762440\Inbox\XMLASC\086111470100_850_2014111800090_{086111470100}_{690-32-925482056}_{850}_{0030-1390493-3804}_19.xmlasc?1?1?,,,,,
086111470100,,,250006243111814,11/21/2014,08:27:53,,,,,,,,,,,,,,,,,,,,,NLRT,C,"National Retail Trans",,,11172014,,,,,,,,,,,,,,,,,,,,,,,,,,,,,,,,,,,,,,,,,,,,,,,,0030-1390493-3804,,,,,,CTN25,134,,,,,,,,,,,,,,,,,,,,,,,,,,,,,00008512380041467502,,,,,,,,,,,GM,00008512380041473268,,,,,,,UP,851238004120,,,,,,,,4,EA,88,,,4,,,,,,,,,,,,,,,,,,,,,,,\\Covhouprod01\MyB2BFiles\MyB2BFiles\DataFiles_V2\01026762440\Inbox\XMLASC\086111470100_850_2014111800090_{086111470100}_{690-32-925482056}_{850}_{0030-1390493-3804}_19.xmlasc?1?1?,,,,,
086111470100,,,250006243111814,11/21/2014,08:27:53,,,,,,,,,,,,,,,,,,,,,NLRT,C,"National Retail Trans",,,11172014,,,,,,,,,,,,,,,,,,,,,,,,,,,,,,,,,,,,,,,,,,,,,,,,0030-1390493-3804,,,,,,CTN25,134,,,,,,,,,,,,,,,,,,,,,,,,,,,,,00008512380041467519,,,,,,,,,,,GM,00008512380041473268,,,,,,,UP,851238004120,,,,,,,,4,EA,88,,,4,,,,,,,,,,,,,,,,,,,,,,,\\Covhouprod01\MyB2BFiles\MyB2BFiles\DataFiles_V2\01026762440\Inbox\XMLASC\086111470100_850_2014111800090_{086111470100}_{690-32-925482056}_{850}_{0030-1390493-3804}_19.xmlasc?1?1?,,,,,
086111470100,,,250006243111814,11/21/2014,08:27:53,,,,,,,,,,,,,,,,,,,,,NLRT,C,"National Retail Trans",,,11172014,,,,,,,,,,,,,,,,,,,,,,,,,,,,,,,,,,,,,,,,,,,,,,,,0030-1390493-3804,,,,,,CTN25,134,,,,,,,,,,,,,,,,,,,,,,,,,,,,,00008512380041467526,,,,,,,,,,,GM,00008512380041473268,,,,,,,UP,851238004120,,,,,,,,4,EA,88,,,4,,,,,,,,,,,,,,,,,,,,,,,\\Covhouprod01\MyB2BFiles\MyB2BFiles\DataFiles_V2\01026762440\Inbox\XMLASC\086111470100_850_2014111800090_{086111470100}_{690-32-925482056}_{850}_{0030-1390493-3804}_19.xmlasc?1?1?,,,,,
086111470100,,,250006243111814,11/21/2014,08:27:53,,,,,,,,,,,,,,,,,,,,,NLRT,C,"National Retail Trans",,,11172014,,,,,,,,,,,,,,,,,,,,,,,,,,,,,,,,,,,,,,,,,,,,,,,,0030-1390493-3804,,,,,,CTN25,134,,,,,,,,,,,,,,,,,,,,,,,,,,,,,00008512380041467533,,,,,,,,,,,GM,00008512380041473268,,,,,,,UP,851238004120,,,,,,,,4,EA,88,,,4,,,,,,,,,,,,,,,,,,,,,,,\\Covhouprod01\MyB2BFiles\MyB2BFiles\DataFiles_V2\01026762440\Inbox\XMLASC\086111470100_850_2014111800090_{086111470100}_{690-32-925482056}_{850}_{0030-1390493-3804}_19.xmlasc?1?1?,,,,,
086111470100,,,250006243111814,11/21/2014,08:27:53,,,,,,,,,,,,,,,,,,,,,NLRT,C,"National Retail Trans",,,11172014,,,,,,,,,,,,,,,,,,,,,,,,,,,,,,,,,,,,,,,,,,,,,,,,0030-1390493-3804,,,,,,CTN25,134,,,,,,,,,,,,,,,,,,,,,,,,,,,,,00008512380041467540,,,,,,,,,,,GM,00008512380041473268,,,,,,,UP,851238004120,,,,,,,,4,EA,88,,,4,,,,,,,,,,,,,,,,,,,,,,,\\Covhouprod01\MyB2BFiles\MyB2BFiles\DataFiles_V2\01026762440\Inbox\XMLASC\086111470100_850_2014111800090_{086111470100}_{690-32-925482056}_{850}_{0030-1390493-3804}_19.xmlasc?1?1?,,,,,
086111470100,,,250006243111814,11/21/2014,08:27:53,,,,,,,,,,,,,,,,,,,,,NLRT,C,"National Retail Trans",,,11172014,,,,,,,,,,,,,,,,,,,,,,,,,,,,,,,,,,,,,,,,,,,,,,,,0030-1390493-3804,,,,,,CTN25,134,,,,,,,,,,,,,,,,,,,,,,,,,,,,,00008512380041467557,,,,,,,,,,,GM,00008512380041473268,,,,,,,UP,851238004120,,,,,,,,4,EA,88,,,4,,,,,,,,,,,,,,,,,,,,,,,\\Covhouprod01\MyB2BFiles\MyB2BFiles\DataFiles_V2\01026762440\Inbox\XMLASC\086111470100_850_2014111800090_{086111470100}_{690-32-925482056}_{850}_{0030-1390493-3804}_19.xmlasc?1?1?,,,,,
086111470100,,,250006243111814,11/21/2014,08:27:53,,,,,,,,,,,,,,,,,,,,,NLRT,C,"National Retail Trans",,,11172014,,,,,,,,,,,,,,,,,,,,,,,,,,,,,,,,,,,,,,,,,,,,,,,,0030-1390493-3804,,,,,,CTN25,134,,,,,,,,,,,,,,,,,,,,,,,,,,,,,00008512380041467564,,,,,,,,,,,GM,00008512380041473268,,,,,,,UP,851238004120,,,,,,,,4,EA,88,,,4,,,,,,,,,,,,,,,,,,,,,,,\\Covhouprod01\MyB2BFiles\MyB2BFiles\DataFiles_V2\01026762440\Inbox\XMLASC\086111470100_850_2014111800090_{086111470100}_{690-32-925482056}_{850}_{0030-1390493-3804}_19.xmlasc?1?1?,,,,,
086111470100,,,250006243111814,11/21/2014,08:27:53,,,,,,,,,,,,,,,,,,,,,NLRT,C,"National Retail Trans",,,11172014,,,,,,,,,,,,,,,,,,,,,,,,,,,,,,,,,,,,,,,,,,,,,,,,0030-1390493-3804,,,,,,CTN25,134,,,,,,,,,,,,,,,,,,,,,,,,,,,,,00008512380041467571,,,,,,,,,,,GM,00008512380041473268,,,,,,,UP,851238004014,,,,,,,,4,EA,236,,,4,,,,,,,,,,,,,,,,,,,,,,,\\Covhouprod01\MyB2BFiles\MyB2BFiles\DataFiles_V2\01026762440\Inbox\XMLASC\086111470100_850_2014111800090_{086111470100}_{690-32-925482056}_{850}_{0030-1390493-3804}_19.xmlasc?1?2?,,,,,
086111470100,,,250006243111814,11/21/2014,08:27:53,,,,,,,,,,,,,,,,,,,,,NLRT,C,"National Retail Trans",,,11172014,,,,,,,,,,,,,,,,,,,,,,,,,,,,,,,,,,,,,,,,,,,,,,,,0030-1390493-3804,,,,,,CTN25,134,,,,,,,,,,,,,,,,,,,,,,,,,,,,,00008512380041467588,,,,,,,,,,,GM,00008512380041473268,,,,,,,UP,851238004014,,,,,,,,4,EA,236,,,4,,,,,,,,,,,,,,,,,,,,,,,\\Covhouprod01\MyB2BFiles\MyB2BFiles\DataFiles_V2\01026762440\Inbox\XMLASC\086111470100_850_2014111800090_{086111470100}_{690-32-925482056}_{850}_{0030-1390493-3804}_19.xmlasc?1?2?,,,,,
086111470100,,,250006243111814,11/21/2014,08:27:53,,,,,,,,,,,,,,,,,,,,,NLRT,C,"National Retail Trans",,,11172014,,,,,,,,,,,,,,,,,,,,,,,,,,,,,,,,,,,,,,,,,,,,,,,,0030-1390493-3804,,,,,,CTN25,134,,,,,,,,,,,,,,,,,,,,,,,,,,,,,00008512380041467595,,,,,,,,,,,GM,00008512380041473268,,,,,,,UP,851238004014,,,,,,,,4,EA,236,,,4,,,,,,,,,,,,,,,,,,,,,,,\\Covhouprod01\MyB2BFiles\MyB2BFiles\DataFiles_V2\01026762440\Inbox\XMLASC\086111470100_850_2014111800090_{086111470100}_{690-32-925482056}_{850}_{0030-1390493-3804}_19.xmlasc?1?2?,,,,,
086111470100,,,250006243111814,11/21/2014,08:27:53,,,,,,,,,,,,,,,,,,,,,NLRT,C,"National Retail Trans",,,11172014,,,,,,,,,,,,,,,,,,,,,,,,,,,,,,,,,,,,,,,,,,,,,,,,0030-1390493-3804,,,,,,CTN25,134,,,,,,,,,,,,,,,,,,,,,,,,,,,,,00008512380041467601,,,,,,,,,,,GM,00008512380041473268,,,,,,,UP,851238004014,,,,,,,,4,EA,236,,,4,,,,,,,,,,,,,,,,,,,,,,,\\Covhouprod01\MyB2BFiles\MyB2BFiles\DataFiles_V2\01026762440\Inbox\XMLASC\086111470100_850_2014111800090_{086111470100}_{690-32-925482056}_{850}_{0030-1390493-3804}_19.xmlasc?1?2?,,,,,
086111470100,,,250006243111814,11/21/2014,08:27:53,,,,,,,,,,,,,,,,,,,,,NLRT,C,"National Retail Trans",,,11172014,,,,,,,,,,,,,,,,,,,,,,,,,,,,,,,,,,,,,,,,,,,,,,,,0030-1390493-3804,,,,,,CTN25,134,,,,,,,,,,,,,,,,,,,,,,,,,,,,,00008512380041467618,,,,,,,,,,,GM,00008512380041473268,,,,,,,UP,851238004014,,,,,,,,4,EA,236,,,4,,,,,,,,,,,,,,,,,,,,,,,\\Covhouprod01\MyB2BFiles\MyB2BFiles\DataFiles_V2\01026762440\Inbox\XMLASC\086111470100_850_2014111800090_{086111470100}_{690-32-925482056}_{850}_{0030-1390493-3804}_19.xmlasc?1?2?,,,,,
086111470100,,,250006243111814,11/21/2014,08:27:53,,,,,,,,,,,,,,,,,,,,,NLRT,C,"National Retail Trans",,,11172014,,,,,,,,,,,,,,,,,,,,,,,,,,,,,,,,,,,,,,,,,,,,,,,,0030-1390493-3804,,,,,,CTN25,134,,,,,,,,,,,,,,,,,,,,,,,,,,,,,00008512380041467625,,,,,,,,,,,GM,00008512380041473268,,,,,,,UP,851238004014,,,,,,,,4,EA,236,,,4,,,,,,,,,,,,,,,,,,,,,,,\\Covhouprod01\MyB2BFiles\MyB2BFiles\DataFiles_V2\01026762440\Inbox\XMLASC\086111470100_850_2014111800090_{086111470100}_{690-32-925482056}_{850}_{0030-1390493-3804}_19.xmlasc?1?2?,,,,,
086111470100,,,250006243111814,11/21/2014,08:27:53,,,,,,,,,,,,,,,,,,,,,NLRT,C,"National Retail Trans",,,11172014,,,,,,,,,,,,,,,,,,,,,,,,,,,,,,,,,,,,,,,,,,,,,,,,0030-1390493-3804,,,,,,CTN25,134,,,,,,,,,,,,,,,,,,,,,,,,,,,,,00008512380041467632,,,,,,,,,,,GM,00008512380041473268,,,,,,,UP,851238004014,,,,,,,,4,EA,236,,,4,,,,,,,,,,,,,,,,,,,,,,,\\Covhouprod01\MyB2BFiles\MyB2BFiles\DataFiles_V2\01026762440\Inbox\XMLASC\086111470100_850_2014111800090_{086111470100}_{690-32-925482056}_{850}_{0030-1390493-3804}_19.xmlasc?1?2?,,,,,
086111470100,,,250006243111814,11/21/2014,08:27:53,,,,,,,,,,,,,,,,,,,,,NLRT,C,"National Retail Trans",,,11172014,,,,,,,,,,,,,,,,,,,,,,,,,,,,,,,,,,,,,,,,,,,,,,,,0030-1390493-3804,,,,,,CTN25,134,,,,,,,,,,,,,,,,,,,,,,,,,,,,,00008512380041467649,,,,,,,,,,,GM,00008512380041473268,,,,,,,UP,851238004014,,,,,,,,4,EA,236,,,4,,,,,,,,,,,,,,,,,,,,,,,\\Covhouprod01\MyB2BFiles\MyB2BFiles\DataFiles_V2\01026762440\Inbox\XMLASC\086111470100_850_2014111800090_{086111470100}_{690-32-925482056}_{850}_{0030-1390493-3804}_19.xmlasc?1?2?,,,,,
086111470100,,,250006243111814,11/21/2014,08:27:53,,,,,,,,,,,,,,,,,,,,,NLRT,C,"National Retail Trans",,,11172014,,,,,,,,,,,,,,,,,,,,,,,,,,,,,,,,,,,,,,,,,,,,,,,,0030-1390493-3804,,,,,,CTN25,134,,,,,,,,,,,,,,,,,,,,,,,,,,,,,00008512380041467656,,,,,,,,,,,GM,00008512380041473268,,,,,,,UP,851238004014,,,,,,,,4,EA,236,,,4,,,,,,,,,,,,,,,,,,,,,,,\\Covhouprod01\MyB2BFiles\MyB2BFiles\DataFiles_V2\01026762440\Inbox\XMLASC\086111470100_850_2014111800090_{086111470100}_{690-32-925482056}_{850}_{0030-1390493-3804}_19.xmlasc?1?2?,,,,,
086111470100,,,250006243111814,11/21/2014,08:27:53,,,,,,,,,,,,,,,,,,,,,NLRT,C,"National Retail Trans",,,11172014,,,,,,,,,,,,,,,,,,,,,,,,,,,,,,,,,,,,,,,,,,,,,,,,0030-1390493-3804,,,,,,CTN25,134,,,,,,,,,,,,,,,,,,,,,,,,,,,,,00008512380041467663,,,,,,,,,,,GM,00008512380041473268,,,,,,,UP,851238004014,,,,,,,,4,EA,236,,,4,,,,,,,,,,,,,,,,,,,,,,,\\Covhouprod01\MyB2BFiles\MyB2BFiles\DataFiles_V2\01026762440\Inbox\XMLASC\086111470100_850_2014111800090_{086111470100}_{690-32-925482056}_{850}_{0030-1390493-3804}_19.xmlasc?1?2?,,,,,
086111470100,,,250006243111814,11/21/2014,08:27:53,,,,,,,,,,,,,,,,,,,,,NLRT,C,"National Retail Trans",,,11172014,,,,,,,,,,,,,,,,,,,,,,,,,,,,,,,,,,,,,,,,,,,,,,,,0030-1390493-3804,,,,,,CTN25,134,,,,,,,,,,,,,,,,,,,,,,,,,,,,,00008512380041467670,,,,,,,,,,,GM,00008512380041473268,,,,,,,UP,851238004014,,,,,,,,4,EA,236,,,4,,,,,,,,,,,,,,,,,,,,,,,\\Covhouprod01\MyB2BFiles\MyB2BFiles\DataFiles_V2\01026762440\Inbox\XMLASC\086111470100_850_2014111800090_{086111470100}_{690-32-925482056}_{850}_{0030-1390493-3804}_19.xmlasc?1?2?,,,,,
086111470100,,,250006243111814,11/21/2014,08:27:53,,,,,,,,,,,,,,,,,,,,,NLRT,C,"National Retail Trans",,,11172014,,,,,,,,,,,,,,,,,,,,,,,,,,,,,,,,,,,,,,,,,,,,,,,,0030-1390493-3804,,,,,,CTN25,134,,,,,,,,,,,,,,,,,,,,,,,,,,,,,00008512380041467687,,,,,,,,,,,GM,00008512380041473268,,,,,,,UP,851238004014,,,,,,,,4,EA,236,,,4,,,,,,,,,,,,,,,,,,,,,,,\\Covhouprod01\MyB2BFiles\MyB2BFiles\DataFiles_V2\01026762440\Inbox\XMLASC\086111470100_850_2014111800090_{086111470100}_{690-32-925482056}_{850}_{0030-1390493-3804}_19.xmlasc?1?2?,,,,,
086111470100,,,250006243111814,11/21/2014,08:27:53,,,,,,,,,,,,,,,,,,,,,NLRT,C,"National Retail Trans",,,11172014,,,,,,,,,,,,,,,,,,,,,,,,,,,,,,,,,,,,,,,,,,,,,,,,0030-1390493-3804,,,,,,CTN25,134,,,,,,,,,,,,,,,,,,,,,,,,,,,,,00008512380041467694,,,,,,,,,,,GM,00008512380041473268,,,,,,,UP,851238004014,,,,,,,,4,EA,236,,,4,,,,,,,,,,,,,,,,,,,,,,,\\Covhouprod01\MyB2BFiles\MyB2BFiles\DataFiles_V2\01026762440\Inbox\XMLASC\086111470100_850_2014111800090_{086111470100}_{690-32-925482056}_{850}_{0030-1390493-3804}_19.xmlasc?1?2?,,,,,
086111470100,,,250006243111814,11/21/2014,08:27:53,,,,,,,,,,,,,,,,,,,,,NLRT,C,"National Retail Trans",,,11172014,,,,,,,,,,,,,,,,,,,,,,,,,,,,,,,,,,,,,,,,,,,,,,,,0030-1390493-3804,,,,,,CTN25,134,,,,,,,,,,,,,,,,,,,,,,,,,,,,,00008512380041467700,,,,,,,,,,,GM,00008512380041473268,,,,,,,UP,851238004014,,,,,,,,4,EA,236,,,4,,,,,,,,,,,,,,,,,,,,,,,\\Covhouprod01\MyB2BFiles\MyB2BFiles\DataFiles_V2\01026762440\Inbox\XMLASC\086111470100_850_2014111800090_{086111470100}_{690-32-925482056}_{850}_{0030-1390493-3804}_19.xmlasc?1?2?,,,,,
086111470100,,,250006243111814,11/21/2014,08:27:53,,,,,,,,,,,,,,,,,,,,,NLRT,C,"National Retail Trans",,,11172014,,,,,,,,,,,,,,,,,,,,,,,,,,,,,,,,,,,,,,,,,,,,,,,,0030-1390493-3804,,,,,,CTN25,134,,,,,,,,,,,,,,,,,,,,,,,,,,,,,00008512380041467717,,,,,,,,,,,GM,00008512380041473268,,,,,,,UP,851238004014,,,,,,,,4,EA,236,,,4,,,,,,,,,,,,,,,,,,,,,,,\\Covhouprod01\MyB2BFiles\MyB2BFiles\DataFiles_V2\01026762440\Inbox\XMLASC\086111470100_850_2014111800090_{086111470100}_{690-32-925482056}_{850}_{0030-1390493-3804}_19.xmlasc?1?2?,,,,,
086111470100,,,250006243111814,11/21/2014,08:27:53,,,,,,,,,,,,,,,,,,,,,NLRT,C,"National Retail Trans",,,11172014,,,,,,,,,,,,,,,,,,,,,,,,,,,,,,,,,,,,,,,,,,,,,,,,0030-1390493-3804,,,,,,CTN25,134,,,,,,,,,,,,,,,,,,,,,,,,,,,,,00008512380041467724,,,,,,,,,,,GM,00008512380041473268,,,,,,,UP,851238004014,,,,,,,,4,EA,236,,,4,,,,,,,,,,,,,,,,,,,,,,,\\Covhouprod01\MyB2BFiles\MyB2BFiles\DataFiles_V2\01026762440\Inbox\XMLASC\086111470100_850_2014111800090_{086111470100}_{690-32-925482056}_{850}_{0030-1390493-3804}_19.xmlasc?1?2?,,,,,
086111470100,,,250006243111814,11/21/2014,08:27:53,,,,,,,,,,,,,,,,,,,,,NLRT,C,"National Retail Trans",,,11172014,,,,,,,,,,,,,,,,,,,,,,,,,,,,,,,,,,,,,,,,,,,,,,,,0030-1390493-3804,,,,,,CTN25,134,,,,,,,,,,,,,,,,,,,,,,,,,,,,,00008512380041467731,,,,,,,,,,,GM,00008512380041473268,,,,,,,UP,851238004014,,,,,,,,4,EA,236,,,4,,,,,,,,,,,,,,,,,,,,,,,\\Covhouprod01\MyB2BFiles\MyB2BFiles\DataFiles_V2\01026762440\Inbox\XMLASC\086111470100_850_2014111800090_{086111470100}_{690-32-925482056}_{850}_{0030-1390493-3804}_19.xmlasc?1?2?,,,,,
086111470100,,,250006243111814,11/21/2014,08:27:53,,,,,,,,,,,,,,,,,,,,,NLRT,C,"National Retail Trans",,,11172014,,,,,,,,,,,,,,,,,,,,,,,,,,,,,,,,,,,,,,,,,,,,,,,,0030-1390493-3804,,,,,,CTN25,134,,,,,,,,,,,,,,,,,,,,,,,,,,,,,00008512380041467748,,,,,,,,,,,GM,00008512380041473268,,,,,,,UP,851238004014,,,,,,,,4,EA,236,,,4,,,,,,,,,,,,,,,,,,,,,,,\\Covhouprod01\MyB2BFiles\MyB2BFiles\DataFiles_V2\01026762440\Inbox\XMLASC\086111470100_850_2014111800090_{086111470100}_{690-32-925482056}_{850}_{0030-1390493-3804}_19.xmlasc?1?2?,,,,,
086111470100,,,250006243111814,11/21/2014,08:27:53,,,,,,,,,,,,,,,,,,,,,NLRT,C,"National Retail Trans",,,11172014,,,,,,,,,,,,,,,,,,,,,,,,,,,,,,,,,,,,,,,,,,,,,,,,0030-1390493-3804,,,,,,CTN25,134,,,,,,,,,,,,,,,,,,,,,,,,,,,,,00008512380041467755,,,,,,,,,,,GM,00008512380041473268,,,,,,,UP,851238004014,,,,,,,,4,EA,236,,,4,,,,,,,,,,,,,,,,,,,,,,,\\Covhouprod01\MyB2BFiles\MyB2BFiles\DataFiles_V2\01026762440\Inbox\XMLASC\086111470100_850_2014111800090_{086111470100}_{690-32-925482056}_{850}_{0030-1390493-3804}_19.xmlasc?1?2?,,,,,
086111470100,,,250006243111814,11/21/2014,08:27:53,,,,,,,,,,,,,,,,,,,,,NLRT,C,"National Retail Trans",,,11172014,,,,,,,,,,,,,,,,,,,,,,,,,,,,,,,,,,,,,,,,,,,,,,,,0030-1390493-3804,,,,,,CTN25,134,,,,,,,,,,,,,,,,,,,,,,,,,,,,,00008512380041467762,,,,,,,,,,,GM,00008512380041473268,,,,,,,UP,851238004014,,,,,,,,4,EA,236,,,4,,,,,,,,,,,,,,,,,,,,,,,\\Covhouprod01\MyB2BFiles\MyB2BFiles\DataFiles_V2\01026762440\Inbox\XMLASC\086111470100_850_2014111800090_{086111470100}_{690-32-925482056}_{850}_{0030-1390493-3804}_19.xmlasc?1?2?,,,,,
086111470100,,,250006243111814,11/21/2014,08:27:53,,,,,,,,,,,,,,,,,,,,,NLRT,C,"National Retail Trans",,,11172014,,,,,,,,,,,,,,,,,,,,,,,,,,,,,,,,,,,,,,,,,,,,,,,,0030-1390493-3804,,,,,,CTN25,134,,,,,,,,,,,,,,,,,,,,,,,,,,,,,00008512380041467779,,,,,,,,,,,GM,00008512380041473268,,,,,,,UP,851238004014,,,,,,,,4,EA,236,,,4,,,,,,,,,,,,,,,,,,,,,,,\\Covhouprod01\MyB2BFiles\MyB2BFiles\DataFiles_V2\01026762440\Inbox\XMLASC\086111470100_850_2014111800090_{086111470100}_{690-32-925482056}_{850}_{0030-1390493-3804}_19.xmlasc?1?2?,,,,,
086111470100,,,250006243111814,11/21/2014,08:27:53,,,,,,,,,,,,,,,,,,,,,NLRT,C,"National Retail Trans",,,11172014,,,,,,,,,,,,,,,,,,,,,,,,,,,,,,,,,,,,,,,,,,,,,,,,0030-1390493-3804,,,,,,CTN25,134,,,,,,,,,,,,,,,,,,,,,,,,,,,,,00008512380041467786,,,,,,,,,,,GM,00008512380041473268,,,,,,,UP,851238004014,,,,,,,,4,EA,236,,,4,,,,,,,,,,,,,,,,,,,,,,,\\Covhouprod01\MyB2BFiles\MyB2BFiles\DataFiles_V2\01026762440\Inbox\XMLASC\086111470100_850_2014111800090_{086111470100}_{690-32-925482056}_{850}_{0030-1390493-3804}_19.xmlasc?1?2?,,,,,
086111470100,,,250006243111814,11/21/2014,08:27:53,,,,,,,,,,,,,,,,,,,,,NLRT,C,"National Retail Trans",,,11172014,,,,,,,,,,,,,,,,,,,,,,,,,,,,,,,,,,,,,,,,,,,,,,,,0030-1390493-3804,,,,,,CTN25,134,,,,,,,,,,,,,,,,,,,,,,,,,,,,,00008512380041467793,,,,,,,,,,,GM,00008512380041473268,,,,,,,UP,851238004014,,,,,,,,4,EA,236,,,4,,,,,,,,,,,,,,,,,,,,,,,\\Covhouprod01\MyB2BFiles\MyB2BFiles\DataFiles_V2\01026762440\Inbox\XMLASC\086111470100_850_2014111800090_{086111470100}_{690-32-925482056}_{850}_{0030-1390493-3804}_19.xmlasc?1?2?,,,,,
086111470100,,,250006243111814,11/21/2014,08:27:53,,,,,,,,,,,,,,,,,,,,,NLRT,C,"National Retail Trans",,,11172014,,,,,,,,,,,,,,,,,,,,,,,,,,,,,,,,,,,,,,,,,,,,,,,,0030-1390493-3804,,,,,,CTN25,134,,,,,,,,,,,,,,,,,,,,,,,,,,,,,00008512380041467809,,,,,,,,,,,GM,00008512380041473268,,,,,,,UP,851238004014,,,,,,,,4,EA,236,,,4,,,,,,,,,,,,,,,,,,,,,,,\\Covhouprod01\MyB2BFiles\MyB2BFiles\DataFiles_V2\01026762440\Inbox\XMLASC\086111470100_850_2014111800090_{086111470100}_{690-32-925482056}_{850}_{0030-1390493-3804}_19.xmlasc?1?2?,,,,,
086111470100,,,250006243111814,11/21/2014,08:27:53,,,,,,,,,,,,,,,,,,,,,NLRT,C,"National Retail Trans",,,11172014,,,,,,,,,,,,,,,,,,,,,,,,,,,,,,,,,,,,,,,,,,,,,,,,0030-1390493-3804,,,,,,CTN25,134,,,,,,,,,,,,,,,,,,,,,,,,,,,,,00008512380041467816,,,,,,,,,,,GM,00008512380041473268,,,,,,,UP,851238004014,,,,,,,,4,EA,236,,,4,,,,,,,,,,,,,,,,,,,,,,,\\Covhouprod01\MyB2BFiles\MyB2BFiles\DataFiles_V2\01026762440\Inbox\XMLASC\086111470100_850_2014111800090_{086111470100}_{690-32-925482056}_{850}_{0030-1390493-3804}_19.xmlasc?1?2?,,,,,
086111470100,,,250006243111814,11/21/2014,08:27:53,,,,,,,,,,,,,,,,,,,,,NLRT,C,"National Retail Trans",,,11172014,,,,,,,,,,,,,,,,,,,,,,,,,,,,,,,,,,,,,,,,,,,,,,,,0030-1390493-3804,,,,,,CTN25,134,,,,,,,,,,,,,,,,,,,,,,,,,,,,,00008512380041467823,,,,,,,,,,,GM,00008512380041473268,,,,,,,UP,851238004014,,,,,,,,4,EA,236,,,4,,,,,,,,,,,,,,,,,,,,,,,\\Covhouprod01\MyB2BFiles\MyB2BFiles\DataFiles_V2\01026762440\Inbox\XMLASC\086111470100_850_2014111800090_{086111470100}_{690-32-925482056}_{850}_{0030-1390493-3804}_19.xmlasc?1?2?,,,,,
086111470100,,,250006243111814,11/21/2014,08:27:53,,,,,,,,,,,,,,,,,,,,,NLRT,C,"National Retail Trans",,,11172014,,,,,,,,,,,,,,,,,,,,,,,,,,,,,,,,,,,,,,,,,,,,,,,,0030-1390493-3804,,,,,,CTN25,134,,,,,,,,,,,,,,,,,,,,,,,,,,,,,00008512380041467830,,,,,,,,,,,GM,00008512380041473268,,,,,,,UP,851238004014,,,,,,,,4,EA,236,,,4,,,,,,,,,,,,,,,,,,,,,,,\\Covhouprod01\MyB2BFiles\MyB2BFiles\DataFiles_V2\01026762440\Inbox\XMLASC\086111470100_850_2014111800090_{086111470100}_{690-32-925482056}_{850}_{0030-1390493-3804}_19.xmlasc?1?2?,,,,,
086111470100,,,250006243111814,11/21/2014,08:27:53,,,,,,,,,,,,,,,,,,,,,NLRT,C,"National Retail Trans",,,11172014,,,,,,,,,,,,,,,,,,,,,,,,,,,,,,,,,,,,,,,,,,,,,,,,0030-1390493-3804,,,,,,CTN25,134,,,,,,,,,,,,,,,,,,,,,,,,,,,,,00008512380041467847,,,,,,,,,,,GM,00008512380041473268,,,,,,,UP,851238004014,,,,,,,,4,EA,236,,,4,,,,,,,,,,,,,,,,,,,,,,,\\Covhouprod01\MyB2BFiles\MyB2BFiles\DataFiles_V2\01026762440\Inbox\XMLASC\086111470100_850_2014111800090_{086111470100}_{690-32-925482056}_{850}_{0030-1390493-3804}_19.xmlasc?1?2?,,,,,
086111470100,,,250006243111814,11/21/2014,08:27:53,,,,,,,,,,,,,,,,,,,,,NLRT,C,"National Retail Trans",,,11172014,,,,,,,,,,,,,,,,,,,,,,,,,,,,,,,,,,,,,,,,,,,,,,,,0030-1390493-3804,,,,,,CTN25,134,,,,,,,,,,,,,,,,,,,,,,,,,,,,,00008512380041467854,,,,,,,,,,,GM,00008512380041473268,,,,,,,UP,851238004014,,,,,,,,4,EA,236,,,4,,,,,,,,,,,,,,,,,,,,,,,\\Covhouprod01\MyB2BFiles\MyB2BFiles\DataFiles_V2\01026762440\Inbox\XMLASC\086111470100_850_2014111800090_{086111470100}_{690-32-925482056}_{850}_{0030-1390493-3804}_19.xmlasc?1?2?,,,,,
086111470100,,,250006243111814,11/21/2014,08:27:53,,,,,,,,,,,,,,,,,,,,,NLRT,C,"National Retail Trans",,,11172014,,,,,,,,,,,,,,,,,,,,,,,,,,,,,,,,,,,,,,,,,,,,,,,,0030-1390493-3804,,,,,,CTN25,134,,,,,,,,,,,,,,,,,,,,,,,,,,,,,00008512380041467861,,,,,,,,,,,GM,00008512380041473268,,,,,,,UP,851238004014,,,,,,,,4,EA,236,,,4,,,,,,,,,,,,,,,,,,,,,,,\\Covhouprod01\MyB2BFiles\MyB2BFiles\DataFiles_V2\01026762440\Inbox\XMLASC\086111470100_850_2014111800090_{086111470100}_{690-32-925482056}_{850}_{0030-1390493-3804}_19.xmlasc?1?2?,,,,,
086111470100,,,250006243111814,11/21/2014,08:27:53,,,,,,,,,,,,,,,,,,,,,NLRT,C,"National Retail Trans",,,11172014,,,,,,,,,,,,,,,,,,,,,,,,,,,,,,,,,,,,,,,,,,,,,,,,0030-1390493-3804,,,,,,CTN25,134,,,,,,,,,,,,,,,,,,,,,,,,,,,,,00008512380041467878,,,,,,,,,,,GM,00008512380041473268,,,,,,,UP,851238004014,,,,,,,,4,EA,236,,,4,,,,,,,,,,,,,,,,,,,,,,,\\Covhouprod01\MyB2BFiles\MyB2BFiles\DataFiles_V2\01026762440\Inbox\XMLASC\086111470100_850_2014111800090_{086111470100}_{690-32-925482056}_{850}_{0030-1390493-3804}_19.xmlasc?1?2?,,,,,
086111470100,,,250006243111814,11/21/2014,08:27:53,,,,,,,,,,,,,,,,,,,,,NLRT,C,"National Retail Trans",,,11172014,,,,,,,,,,,,,,,,,,,,,,,,,,,,,,,,,,,,,,,,,,,,,,,,0030-1390493-3804,,,,,,CTN25,134,,,,,,,,,,,,,,,,,,,,,,,,,,,,,00008512380041467885,,,,,,,,,,,GM,00008512380041473268,,,,,,,UP,851238004014,,,,,,,,4,EA,236,,,4,,,,,,,,,,,,,,,,,,,,,,,\\Covhouprod01\MyB2BFiles\MyB2BFiles\DataFiles_V2\01026762440\Inbox\XMLASC\086111470100_850_2014111800090_{086111470100}_{690-32-925482056}_{850}_{0030-1390493-3804}_19.xmlasc?1?2?,,,,,
086111470100,,,250006243111814,11/21/2014,08:27:53,,,,,,,,,,,,,,,,,,,,,NLRT,C,"National Retail Trans",,,11172014,,,,,,,,,,,,,,,,,,,,,,,,,,,,,,,,,,,,,,,,,,,,,,,,0030-1390493-3804,,,,,,CTN25,134,,,,,,,,,,,,,,,,,,,,,,,,,,,,,00008512380041467892,,,,,,,,,,,GM,00008512380041473268,,,,,,,UP,851238004014,,,,,,,,4,EA,236,,,4,,,,,,,,,,,,,,,,,,,,,,,\\Covhouprod01\MyB2BFiles\MyB2BFiles\DataFiles_V2\01026762440\Inbox\XMLASC\086111470100_850_2014111800090_{086111470100}_{690-32-925482056}_{850}_{0030-1390493-3804}_19.xmlasc?1?2?,,,,,
086111470100,,,250006243111814,11/21/2014,08:27:53,,,,,,,,,,,,,,,,,,,,,NLRT,C,"National Retail Trans",,,11172014,,,,,,,,,,,,,,,,,,,,,,,,,,,,,,,,,,,,,,,,,,,,,,,,0030-1390493-3804,,,,,,CTN25,134,,,,,,,,,,,,,,,,,,,,,,,,,,,,,00008512380041467908,,,,,,,,,,,GM,00008512380041473268,,,,,,,UP,851238004014,,,,,,,,4,EA,236,,,4,,,,,,,,,,,,,,,,,,,,,,,\\Covhouprod01\MyB2BFiles\MyB2BFiles\DataFiles_V2\01026762440\Inbox\XMLASC\086111470100_850_2014111800090_{086111470100}_{690-32-925482056}_{850}_{0030-1390493-3804}_19.xmlasc?1?2?,,,,,
086111470100,,,250006243111814,11/21/2014,08:27:53,,,,,,,,,,,,,,,,,,,,,NLRT,C,"National Retail Trans",,,11172014,,,,,,,,,,,,,,,,,,,,,,,,,,,,,,,,,,,,,,,,,,,,,,,,0030-1390493-3804,,,,,,CTN25,134,,,,,,,,,,,,,,,,,,,,,,,,,,,,,00008512380041467915,,,,,,,,,,,GM,00008512380041473268,,,,,,,UP,851238004014,,,,,,,,4,EA,236,,,4,,,,,,,,,,,,,,,,,,,,,,,\\Covhouprod01\MyB2BFiles\MyB2BFiles\DataFiles_V2\01026762440\Inbox\XMLASC\086111470100_850_2014111800090_{086111470100}_{690-32-925482056}_{850}_{0030-1390493-3804}_19.xmlasc?1?2?,,,,,
086111470100,,,250006243111814,11/21/2014,08:27:53,,,,,,,,,,,,,,,,,,,,,NLRT,C,"National Retail Trans",,,11172014,,,,,,,,,,,,,,,,,,,,,,,,,,,,,,,,,,,,,,,,,,,,,,,,0030-1390493-3804,,,,,,CTN25,134,,,,,,,,,,,,,,,,,,,,,,,,,,,,,00008512380041467922,,,,,,,,,,,GM,00008512380041473268,,,,,,,UP,851238004014,,,,,,,,4,EA,236,,,4,,,,,,,,,,,,,,,,,,,,,,,\\Covhouprod01\MyB2BFiles\MyB2BFiles\DataFiles_V2\01026762440\Inbox\XMLASC\086111470100_850_2014111800090_{086111470100}_{690-32-925482056}_{850}_{0030-1390493-3804}_19.xmlasc?1?2?,,,,,
086111470100,,,250006243111814,11/21/2014,08:27:53,,,,,,,,,,,,,,,,,,,,,NLRT,C,"National Retail Trans",,,11172014,,,,,,,,,,,,,,,,,,,,,,,,,,,,,,,,,,,,,,,,,,,,,,,,0030-1390493-3804,,,,,,CTN25,134,,,,,,,,,,,,,,,,,,,,,,,,,,,,,00008512380041467939,,,,,,,,,,,GM,00008512380041473268,,,,,,,UP,851238004014,,,,,,,,4,EA,236,,,4,,,,,,,,,,,,,,,,,,,,,,,\\Covhouprod01\MyB2BFiles\MyB2BFiles\DataFiles_V2\01026762440\Inbox\XMLASC\086111470100_850_2014111800090_{086111470100}_{690-32-925482056}_{850}_{0030-1390493-3804}_19.xmlasc?1?2?,,,,,
086111470100,,,250006243111814,11/21/2014,08:27:53,,,,,,,,,,,,,,,,,,,,,NLRT,C,"National Retail Trans",,,11172014,,,,,,,,,,,,,,,,,,,,,,,,,,,,,,,,,,,,,,,,,,,,,,,,0030-1390493-3804,,,,,,CTN25,134,,,,,,,,,,,,,,,,,,,,,,,,,,,,,00008512380041467946,,,,,,,,,,,GM,00008512380041473268,,,,,,,UP,851238004014,,,,,,,,4,EA,236,,,4,,,,,,,,,,,,,,,,,,,,,,,\\Covhouprod01\MyB2BFiles\MyB2BFiles\DataFiles_V2\01026762440\Inbox\XMLASC\086111470100_850_2014111800090_{086111470100}_{690-32-925482056}_{850}_{0030-1390493-3804}_19.xmlasc?1?2?,,,,,
086111470100,,,250006243111814,11/21/2014,08:27:53,,,,,,,,,,,,,,,,,,,,,NLRT,C,"National Retail Trans",,,11172014,,,,,,,,,,,,,,,,,,,,,,,,,,,,,,,,,,,,,,,,,,,,,,,,0030-1390493-3804,,,,,,CTN25,134,,,,,,,,,,,,,,,,,,,,,,,,,,,,,00008512380041467953,,,,,,,,,,,GM,00008512380041473268,,,,,,,UP,851238004014,,,,,,,,4,EA,236,,,4,,,,,,,,,,,,,,,,,,,,,,,\\Covhouprod01\MyB2BFiles\MyB2BFiles\DataFiles_V2\01026762440\Inbox\XMLASC\086111470100_850_2014111800090_{086111470100}_{690-32-925482056}_{850}_{0030-1390493-3804}_19.xmlasc?1?2?,,,,,
086111470100,,,250006243111814,11/21/2014,08:27:53,,,,,,,,,,,,,,,,,,,,,NLRT,C,"National Retail Trans",,,11172014,,,,,,,,,,,,,,,,,,,,,,,,,,,,,,,,,,,,,,,,,,,,,,,,0030-1390493-3804,,,,,,CTN25,134,,,,,,,,,,,,,,,,,,,,,,,,,,,,,00008512380041467960,,,,,,,,,,,GM,00008512380041473268,,,,,,,UP,851238004014,,,,,,,,4,EA,236,,,4,,,,,,,,,,,,,,,,,,,,,,,\\Covhouprod01\MyB2BFiles\MyB2BFiles\DataFiles_V2\01026762440\Inbox\XMLASC\086111470100_850_2014111800090_{086111470100}_{690-32-925482056}_{850}_{0030-1390493-3804}_19.xmlasc?1?2?,,,,,
086111470100,,,250006243111814,11/21/2014,08:27:53,,,,,,,,,,,,,,,,,,,,,NLRT,C,"National Retail Trans",,,11172014,,,,,,,,,,,,,,,,,,,,,,,,,,,,,,,,,,,,,,,,,,,,,,,,0030-1390493-3804,,,,,,CTN25,134,,,,,,,,,,,,,,,,,,,,,,,,,,,,,00008512380041467977,,,,,,,,,,,GM,00008512380041473268,,,,,,,UP,851238004014,,,,,,,,4,EA,236,,,4,,,,,,,,,,,,,,,,,,,,,,,\\Covhouprod01\MyB2BFiles\MyB2BFiles\DataFiles_V2\01026762440\Inbox\XMLASC\086111470100_850_2014111800090_{086111470100}_{690-32-925482056}_{850}_{0030-1390493-3804}_19.xmlasc?1?2?,,,,,
086111470100,,,250006243111814,11/21/2014,08:27:53,,,,,,,,,,,,,,,,,,,,,NLRT,C,"National Retail Trans",,,11172014,,,,,,,,,,,,,,,,,,,,,,,,,,,,,,,,,,,,,,,,,,,,,,,,0030-1390493-3804,,,,,,CTN25,134,,,,,,,,,,,,,,,,,,,,,,,,,,,,,00008512380041467984,,,,,,,,,,,GM,00008512380041473268,,,,,,,UP,851238004014,,,,,,,,4,EA,236,,,4,,,,,,,,,,,,,,,,,,,,,,,\\Covhouprod01\MyB2BFiles\MyB2BFiles\DataFiles_V2\01026762440\Inbox\XMLASC\086111470100_850_2014111800090_{086111470100}_{690-32-925482056}_{850}_{0030-1390493-3804}_19.xmlasc?1?2?,,,,,
086111470100,,,250006243111814,11/21/2014,08:27:53,,,,,,,,,,,,,,,,,,,,,NLRT,C,"National Retail Trans",,,11172014,,,,,,,,,,,,,,,,,,,,,,,,,,,,,,,,,,,,,,,,,,,,,,,,0030-1390493-3804,,,,,,CTN25,134,,,,,,,,,,,,,,,,,,,,,,,,,,,,,00008512380041467991,,,,,,,,,,,GM,00008512380041473268,,,,,,,UP,851238004014,,,,,,,,4,EA,236,,,4,,,,,,,,,,,,,,,,,,,,,,,\\Covhouprod01\MyB2BFiles\MyB2BFiles\DataFiles_V2\01026762440\Inbox\XMLASC\086111470100_850_2014111800090_{086111470100}_{690-32-925482056}_{850}_{0030-1390493-3804}_19.xmlasc?1?2?,,,,,
086111470100,,,250006243111814,11/21/2014,08:27:53,,,,,,,,,,,,,,,,,,,,,NLRT,C,"National Retail Trans",,,11172014,,,,,,,,,,,,,,,,,,,,,,,,,,,,,,,,,,,,,,,,,,,,,,,,0030-1390493-3804,,,,,,CTN25,134,,,,,,,,,,,,,,,,,,,,,,,,,,,,,00008512380041468004,,,,,,,,,,,GM,00008512380041473268,,,,,,,UP,851238004014,,,,,,,,4,EA,236,,,4,,,,,,,,,,,,,,,,,,,,,,,\\Covhouprod01\MyB2BFiles\MyB2BFiles\DataFiles_V2\01026762440\Inbox\XMLASC\086111470100_850_2014111800090_{086111470100}_{690-32-925482056}_{850}_{0030-1390493-3804}_19.xmlasc?1?2?,,,,,
086111470100,,,250006243111814,11/21/2014,08:27:53,,,,,,,,,,,,,,,,,,,,,NLRT,C,"National Retail Trans",,,11172014,,,,,,,,,,,,,,,,,,,,,,,,,,,,,,,,,,,,,,,,,,,,,,,,0030-1390493-3804,,,,,,CTN25,134,,,,,,,,,,,,,,,,,,,,,,,,,,,,,00008512380041468011,,,,,,,,,,,GM,00008512380041473268,,,,,,,UP,851238004014,,,,,,,,4,EA,236,,,4,,,,,,,,,,,,,,,,,,,,,,,\\Covhouprod01\MyB2BFiles\MyB2BFiles\DataFiles_V2\01026762440\Inbox\XMLASC\086111470100_850_2014111800090_{086111470100}_{690-32-925482056}_{850}_{0030-1390493-3804}_19.xmlasc?1?2?,,,,,
086111470100,,,250006243111814,11/21/2014,08:27:53,,,,,,,,,,,,,,,,,,,,,NLRT,C,"National Retail Trans",,,11172014,,,,,,,,,,,,,,,,,,,,,,,,,,,,,,,,,,,,,,,,,,,,,,,,0030-1390493-3804,,,,,,CTN25,134,,,,,,,,,,,,,,,,,,,,,,,,,,,,,00008512380041468028,,,,,,,,,,,GM,00008512380041473268,,,,,,,UP,851238004014,,,,,,,,4,EA,236,,,4,,,,,,,,,,,,,,,,,,,,,,,\\Covhouprod01\MyB2BFiles\MyB2BFiles\DataFiles_V2\01026762440\Inbox\XMLASC\086111470100_850_2014111800090_{086111470100}_{690-32-925482056}_{850}_{0030-1390493-3804}_19.xmlasc?1?2?,,,,,
086111470100,,,250006243111814,11/21/2014,08:27:53,,,,,,,,,,,,,,,,,,,,,NLRT,C,"National Retail Trans",,,11172014,,,,,,,,,,,,,,,,,,,,,,,,,,,,,,,,,,,,,,,,,,,,,,,,0030-1390493-3804,,,,,,CTN25,134,,,,,,,,,,,,,,,,,,,,,,,,,,,,,00008512380041468035,,,,,,,,,,,GM,00008512380041473268,,,,,,,UP,851238004014,,,,,,,,4,EA,236,,,4,,,,,,,,,,,,,,,,,,,,,,,\\Covhouprod01\MyB2BFiles\MyB2BFiles\DataFiles_V2\01026762440\Inbox\XMLASC\086111470100_850_2014111800090_{086111470100}_{690-32-925482056}_{850}_{0030-1390493-3804}_19.xmlasc?1?2?,,,,,
086111470100,,,250006243111814,11/21/2014,08:27:53,,,,,,,,,,,,,,,,,,,,,NLRT,C,"National Retail Trans",,,11172014,,,,,,,,,,,,,,,,,,,,,,,,,,,,,,,,,,,,,,,,,,,,,,,,0030-1390493-3804,,,,,,CTN25,134,,,,,,,,,,,,,,,,,,,,,,,,,,,,,00008512380041468042,,,,,,,,,,,GM,00008512380041473268,,,,,,,UP,851238004014,,,,,,,,4,EA,236,,,4,,,,,,,,,,,,,,,,,,,,,,,\\Covhouprod01\MyB2BFiles\MyB2BFiles\DataFiles_V2\01026762440\Inbox\XMLASC\086111470100_850_2014111800090_{086111470100}_{690-32-925482056}_{850}_{0030-1390493-3804}_19.xmlasc?1?2?,,,,,
086111470100,,,250006243111814,11/21/2014,08:27:53,,,,,,,,,,,,,,,,,,,,,NLRT,C,"National Retail Trans",,,11172014,,,,,,,,,,,,,,,,,,,,,,,,,,,,,,,,,,,,,,,,,,,,,,,,0030-1390493-3804,,,,,,CTN25,134,,,,,,,,,,,,,,,,,,,,,,,,,,,,,00008512380041468059,,,,,,,,,,,GM,00008512380041473268,,,,,,,UP,851238004014,,,,,,,,4,EA,236,,,4,,,,,,,,,,,,,,,,,,,,,,,\\Covhouprod01\MyB2BFiles\MyB2BFiles\DataFiles_V2\01026762440\Inbox\XMLASC\086111470100_850_2014111800090_{086111470100}_{690-32-925482056}_{850}_{0030-1390493-3804}_19.xmlasc?1?2?,,,,,
086111470100,,,250006243111814,11/21/2014,08:27:53,,,,,,,,,,,,,,,,,,,,,NLRT,C,"National Retail Trans",,,11172014,,,,,,,,,,,,,,,,,,,,,,,,,,,,,,,,,,,,,,,,,,,,,,,,0030-1390493-3804,,,,,,CTN25,134,,,,,,,,,,,,,,,,,,,,,,,,,,,,,00008512380041468066,,,,,,,,,,,GM,00008512380041473268,,,,,,,UP,851238004014,,,,,,,,4,EA,236,,,4,,,,,,,,,,,,,,,,,,,,,,,\\Covhouprod01\MyB2BFiles\MyB2BFiles\DataFiles_V2\01026762440\Inbox\XMLASC\086111470100_850_2014111800090_{086111470100}_{690-32-925482056}_{850}_{0030-1390493-3804}_19.xmlasc?1?2?,,,,,
086111470100,,,250006243111814,11/21/2014,08:27:53,,,,,,,,,,,,,,,,,,,,,NLRT,C,"National Retail Trans",,,11172014,,,,,,,,,,,,,,,,,,,,,,,,,,,,,,,,,,,,,,,,,,,,,,,,0030-1390493-3804,,,,,,CTN25,134,,,,,,,,,,,,,,,,,,,,,,,,,,,,,00008512380041468073,,,,,,,,,,,GM,00008512380041473268,,,,,,,UP,851238004014,,,,,,,,4,EA,236,,,4,,,,,,,,,,,,,,,,,,,,,,,\\Covhouprod01\MyB2BFiles\MyB2BFiles\DataFiles_V2\01026762440\Inbox\XMLASC\086111470100_850_2014111800090_{086111470100}_{690-32-925482056}_{850}_{0030-1390493-3804}_19.xmlasc?1?2?,,,,,
086111470100,,,250006243111814,11/21/2014,08:27:53,,,,,,,,,,,,,,,,,,,,,NLRT,C,"National Retail Trans",,,11172014,,,,,,,,,,,,,,,,,,,,,,,,,,,,,,,,,,,,,,,,,,,,,,,,0030-1390493-3804,,,,,,CTN25,134,,,,,,,,,,,,,,,,,,,,,,,,,,,,,00008512380041468080,,,,,,,,,,,GM,00008512380041473268,,,,,,,UP,851238004014,,,,,,,,4,EA,236,,,4,,,,,,,,,,,,,,,,,,,,,,,\\Covhouprod01\MyB2BFiles\MyB2BFiles\DataFiles_V2\01026762440\Inbox\XMLASC\086111470100_850_2014111800090_{086111470100}_{690-32-925482056}_{850}_{0030-1390493-3804}_19.xmlasc?1?2?,,,,,
086111470100,,,250006243111814,11/21/2014,08:27:53,,,,,,,,,,,,,,,,,,,,,NLRT,C,"National Retail Trans",,,11172014,,,,,,,,,,,,,,,,,,,,,,,,,,,,,,,,,,,,,,,,,,,,,,,,0030-1390493-3804,,,,,,CTN25,134,,,,,,,,,,,,,,,,,,,,,,,,,,,,,00008512380041468097,,,,,,,,,,,GM,00008512380041473268,,,,,,,UP,851238004014,,,,,,,,4,EA,236,,,4,,,,,,,,,,,,,,,,,,,,,,,\\Covhouprod01\MyB2BFiles\MyB2BFiles\DataFiles_V2\01026762440\Inbox\XMLASC\086111470100_850_2014111800090_{086111470100}_{690-32-925482056}_{850}_{0030-1390493-3804}_19.xmlasc?1?2?,,,,,
086111470100,,,250006243111814,11/21/2014,08:27:53,,,,,,,,,,,,,,,,,,,,,NLRT,C,"National Retail Trans",,,11172014,,,,,,,,,,,,,,,,,,,,,,,,,,,,,,,,,,,,,,,,,,,,,,,,0030-1390493-3804,,,,,,CTN25,134,,,,,,,,,,,,,,,,,,,,,,,,,,,,,00008512380041468103,,,,,,,,,,,GM,00008512380041473268,,,,,,,UP,851238004014,,,,,,,,4,EA,236,,,4,,,,,,,,,,,,,,,,,,,,,,,\\Covhouprod01\MyB2BFiles\MyB2BFiles\DataFiles_V2\01026762440\Inbox\XMLASC\086111470100_850_2014111800090_{086111470100}_{690-32-925482056}_{850}_{0030-1390493-3804}_19.xmlasc?1?2?,,,,,
086111470100,,,250006243111814,11/21/2014,08:27:53,,,,,,,,,,,,,,,,,,,,,NLRT,C,"National Retail Trans",,,11172014,,,,,,,,,,,,,,,,,,,,,,,,,,,,,,,,,,,,,,,,,,,,,,,,0030-1390493-3804,,,,,,CTN25,134,,,,,,,,,,,,,,,,,,,,,,,,,,,,,00008512380041468110,,,,,,,,,,,GM,00008512380041473268,,,,,,,UP,851238004014,,,,,,,,4,EA,236,,,4,,,,,,,,,,,,,,,,,,,,,,,\\Covhouprod01\MyB2BFiles\MyB2BFiles\DataFiles_V2\01026762440\Inbox\XMLASC\086111470100_850_2014111800090_{086111470100}_{690-32-925482056}_{850}_{0030-1390493-3804}_19.xmlasc?1?2?,,,,,
086111470100,,,250006243111814,11/21/2014,08:27:53,,,,,,,,,,,,,,,,,,,,,NLRT,C,"National Retail Trans",,,11172014,,,,,,,,,,,,,,,,,,,,,,,,,,,,,,,,,,,,,,,,,,,,,,,,0030-1390493-3804,,,,,,CTN25,134,,,,,,,,,,,,,,,,,,,,,,,,,,,,,00008512380041468127,,,,,,,,,,,GM,00008512380041473268,,,,,,,UP,851238004014,,,,,,,,4,EA,236,,,4,,,,,,,,,,,,,,,,,,,,,,,\\Covhouprod01\MyB2BFiles\MyB2BFiles\DataFiles_V2\01026762440\Inbox\XMLASC\086111470100_850_2014111800090_{086111470100}_{690-32-925482056}_{850}_{0030-1390493-3804}_19.xmlasc?1?2?,,,,,
086111470100,,,250006243111814,11/21/2014,08:27:53,,,,,,,,,,,,,,,,,,,,,NLRT,C,"National Retail Trans",,,11172014,,,,,,,,,,,,,,,,,,,,,,,,,,,,,,,,,,,,,,,,,,,,,,,,0030-1390493-3804,,,,,,CTN25,134,,,,,,,,,,,,,,,,,,,,,,,,,,,,,00008512380041468134,,,,,,,,,,,GM,00008512380041473268,,,,,,,UP,851238004014,,,,,,,,4,EA,236,,,4,,,,,,,,,,,,,,,,,,,,,,,\\Covhouprod01\MyB2BFiles\MyB2BFiles\DataFiles_V2\01026762440\Inbox\XMLASC\086111470100_850_2014111800090_{086111470100}_{690-32-925482056}_{850}_{0030-1390493-3804}_19.xmlasc?1?2?,,,,,
086111470100,,,250006243111814,11/21/2014,08:27:53,,,,,,,,,,,,,,,,,,,,,NLRT,C,"National Retail Trans",,,11172014,,,,,,,,,,,,,,,,,,,,,,,,,,,,,,,,,,,,,,,,,,,,,,,,0030-1390493-3804,,,,,,CTN25,134,,,,,,,,,,,,,,,,,,,,,,,,,,,,,00008512380041468141,,,,,,,,,,,GM,00008512380041473268,,,,,,,UP,851238004014,,,,,,,,4,EA,236,,,4,,,,,,,,,,,,,,,,,,,,,,,\\Covhouprod01\MyB2BFiles\MyB2BFiles\DataFiles_V2\01026762440\Inbox\XMLASC\086111470100_850_2014111800090_{086111470100}_{690-32-925482056}_{850}_{0030-1390493-3804}_19.xmlasc?1?2?,,,,,
086111470100,,,250006243111814,11/21/2014,08:27:53,,,,,,,,,,,,,,,,,,,,,NLRT,C,"National Retail Trans",,,11172014,,,,,,,,,,,,,,,,,,,,,,,,,,,,,,,,,,,,,,,,,,,,,,,,0030-1390493-3804,,,,,,CTN25,134,,,,,,,,,,,,,,,,,,,,,,,,,,,,,00008512380041468158,,,,,,,,,,,GM,00008512380041473268,,,,,,,UP,851238004014,,,,,,,,4,EA,236,,,4,,,,,,,,,,,,,,,,,,,,,,,\\Covhouprod01\MyB2BFiles\MyB2BFiles\DataFiles_V2\01026762440\Inbox\XMLASC\086111470100_850_2014111800090_{086111470100}_{690-32-925482056}_{850}_{0030-1390493-3804}_19.xmlasc?1?2?,,,,,
086111470100,,,250006243111814,11/21/2014,08:27:53,,,,,,,,,,,,,,,,,,,,,NLRT,C,"National Retail Trans",,,11172014,,,,,,,,,,,,,,,,,,,,,,,,,,,,,,,,,,,,,,,,,,,,,,,,0030-1390493-3804,,,,,,CTN25,134,,,,,,,,,,,,,,,,,,,,,,,,,,,,,00008512380041468165,,,,,,,,,,,GM,00008512380041473268,,,,,,,UP,851238004069,,,,,,,,12,EA,12,,,12,,,,,,,,,,,,,,,,,,,,,,,\\Covhouprod01\MyB2BFiles\MyB2BFiles\DataFiles_V2\01026762440\Inbox\XMLASC\086111470100_850_2014111800090_{086111470100}_{690-32-925482056}_{850}_{0030-1390493-3804}_19.xmlasc?1?3?,,,,,
086111470100,,,250006243111814,11/21/2014,08:27:53,,,,,,,,,,,,,,,,,,,,,NLRT,C,"National Retail Trans",,,11172014,,,,,,,,,,,,,,,,,,,,,,,,,,,,,,,,,,,,,,,,,,,,,,,,0030-1390493-3804,,,,,,CTN25,134,,,,,,,,,,,,,,,,,,,,,,,,,,,,,00008512380041468172,,,,,,,,,,,GM,00008512380041473268,,,,,,,UP,851238004021,,,,,,,,4,EA,208,,,4,,,,,,,,,,,,,,,,,,,,,,,\\Covhouprod01\MyB2BFiles\MyB2BFiles\DataFiles_V2\01026762440\Inbox\XMLASC\086111470100_850_2014111800090_{086111470100}_{690-32-925482056}_{850}_{0030-1390493-3804}_19.xmlasc?1?4?,,,,,
086111470100,,,250006243111814,11/21/2014,08:27:53,,,,,,,,,,,,,,,,,,,,,NLRT,C,"National Retail Trans",,,11172014,,,,,,,,,,,,,,,,,,,,,,,,,,,,,,,,,,,,,,,,,,,,,,,,0030-1390493-3804,,,,,,CTN25,134,,,,,,,,,,,,,,,,,,,,,,,,,,,,,00008512380041468189,,,,,,,,,,,GM,00008512380041473268,,,,,,,UP,851238004021,,,,,,,,4,EA,208,,,4,,,,,,,,,,,,,,,,,,,,,,,\\Covhouprod01\MyB2BFiles\MyB2BFiles\DataFiles_V2\01026762440\Inbox\XMLASC\086111470100_850_2014111800090_{086111470100}_{690-32-925482056}_{850}_{0030-1390493-3804}_19.xmlasc?1?4?,,,,,
086111470100,,,250006243111814,11/21/2014,08:27:53,,,,,,,,,,,,,,,,,,,,,NLRT,C,"National Retail Trans",,,11172014,,,,,,,,,,,,,,,,,,,,,,,,,,,,,,,,,,,,,,,,,,,,,,,,0030-1390493-3804,,,,,,CTN25,134,,,,,,,,,,,,,,,,,,,,,,,,,,,,,00008512380041468196,,,,,,,,,,,GM,00008512380041473268,,,,,,,UP,851238004021,,,,,,,,4,EA,208,,,4,,,,,,,,,,,,,,,,,,,,,,,\\Covhouprod01\MyB2BFiles\MyB2BFiles\DataFiles_V2\01026762440\Inbox\XMLASC\086111470100_850_2014111800090_{086111470100}_{690-32-925482056}_{850}_{0030-1390493-3804}_19.xmlasc?1?4?,,,,,
086111470100,,,250006243111814,11/21/2014,08:27:53,,,,,,,,,,,,,,,,,,,,,NLRT,C,"National Retail Trans",,,11172014,,,,,,,,,,,,,,,,,,,,,,,,,,,,,,,,,,,,,,,,,,,,,,,,0030-1390493-3804,,,,,,CTN25,134,,,,,,,,,,,,,,,,,,,,,,,,,,,,,00008512380041468202,,,,,,,,,,,GM,00008512380041473268,,,,,,,UP,851238004021,,,,,,,,4,EA,208,,,4,,,,,,,,,,,,,,,,,,,,,,,\\Covhouprod01\MyB2BFiles\MyB2BFiles\DataFiles_V2\01026762440\Inbox\XMLASC\086111470100_850_2014111800090_{086111470100}_{690-32-925482056}_{850}_{0030-1390493-3804}_19.xmlasc?1?4?,,,,,
086111470100,,,250006243111814,11/21/2014,08:27:53,,,,,,,,,,,,,,,,,,,,,NLRT,C,"National Retail Trans",,,11172014,,,,,,,,,,,,,,,,,,,,,,,,,,,,,,,,,,,,,,,,,,,,,,,,0030-1390493-3804,,,,,,CTN25,134,,,,,,,,,,,,,,,,,,,,,,,,,,,,,00008512380041468219,,,,,,,,,,,GM,00008512380041473268,,,,,,,UP,851238004021,,,,,,,,4,EA,208,,,4,,,,,,,,,,,,,,,,,,,,,,,\\Covhouprod01\MyB2BFiles\MyB2BFiles\DataFiles_V2\01026762440\Inbox\XMLASC\086111470100_850_2014111800090_{086111470100}_{690-32-925482056}_{850}_{0030-1390493-3804}_19.xmlasc?1?4?,,,,,
086111470100,,,250006243111814,11/21/2014,08:27:53,,,,,,,,,,,,,,,,,,,,,NLRT,C,"National Retail Trans",,,11172014,,,,,,,,,,,,,,,,,,,,,,,,,,,,,,,,,,,,,,,,,,,,,,,,0030-1390493-3804,,,,,,CTN25,134,,,,,,,,,,,,,,,,,,,,,,,,,,,,,00008512380041468226,,,,,,,,,,,GM,00008512380041473268,,,,,,,UP,851238004021,,,,,,,,4,EA,208,,,4,,,,,,,,,,,,,,,,,,,,,,,\\Covhouprod01\MyB2BFiles\MyB2BFiles\DataFiles_V2\01026762440\Inbox\XMLASC\086111470100_850_2014111800090_{086111470100}_{690-32-925482056}_{850}_{0030-1390493-3804}_19.xmlasc?1?4?,,,,,
086111470100,,,250006243111814,11/21/2014,08:27:53,,,,,,,,,,,,,,,,,,,,,NLRT,C,"National Retail Trans",,,11172014,,,,,,,,,,,,,,,,,,,,,,,,,,,,,,,,,,,,,,,,,,,,,,,,0030-1390493-3804,,,,,,CTN25,134,,,,,,,,,,,,,,,,,,,,,,,,,,,,,00008512380041468233,,,,,,,,,,,GM,00008512380041473268,,,,,,,UP,851238004021,,,,,,,,4,EA,208,,,4,,,,,,,,,,,,,,,,,,,,,,,\\Covhouprod01\MyB2BFiles\MyB2BFiles\DataFiles_V2\01026762440\Inbox\XMLASC\086111470100_850_2014111800090_{086111470100}_{690-32-925482056}_{850}_{0030-1390493-3804}_19.xmlasc?1?4?,,,,,
086111470100,,,250006243111814,11/21/2014,08:27:53,,,,,,,,,,,,,,,,,,,,,NLRT,C,"National Retail Trans",,,11172014,,,,,,,,,,,,,,,,,,,,,,,,,,,,,,,,,,,,,,,,,,,,,,,,0030-1390493-3804,,,,,,CTN25,134,,,,,,,,,,,,,,,,,,,,,,,,,,,,,00008512380041468240,,,,,,,,,,,GM,00008512380041473268,,,,,,,UP,851238004021,,,,,,,,4,EA,208,,,4,,,,,,,,,,,,,,,,,,,,,,,\\Covhouprod01\MyB2BFiles\MyB2BFiles\DataFiles_V2\01026762440\Inbox\XMLASC\086111470100_850_2014111800090_{086111470100}_{690-32-925482056}_{850}_{0030-1390493-3804}_19.xmlasc?1?4?,,,,,
086111470100,,,250006243111814,11/21/2014,08:27:53,,,,,,,,,,,,,,,,,,,,,NLRT,C,"National Retail Trans",,,11172014,,,,,,,,,,,,,,,,,,,,,,,,,,,,,,,,,,,,,,,,,,,,,,,,0030-1390493-3804,,,,,,CTN25,134,,,,,,,,,,,,,,,,,,,,,,,,,,,,,00008512380041468257,,,,,,,,,,,GM,00008512380041473268,,,,,,,UP,851238004021,,,,,,,,4,EA,208,,,4,,,,,,,,,,,,,,,,,,,,,,,\\Covhouprod01\MyB2BFiles\MyB2BFiles\DataFiles_V2\01026762440\Inbox\XMLASC\086111470100_850_2014111800090_{086111470100}_{690-32-925482056}_{850}_{0030-1390493-3804}_19.xmlasc?1?4?,,,,,
086111470100,,,250006243111814,11/21/2014,08:27:53,,,,,,,,,,,,,,,,,,,,,NLRT,C,"National Retail Trans",,,11172014,,,,,,,,,,,,,,,,,,,,,,,,,,,,,,,,,,,,,,,,,,,,,,,,0030-1390493-3804,,,,,,CTN25,134,,,,,,,,,,,,,,,,,,,,,,,,,,,,,00008512380041468264,,,,,,,,,,,GM,00008512380041473268,,,,,,,UP,851238004021,,,,,,,,4,EA,208,,,4,,,,,,,,,,,,,,,,,,,,,,,\\Covhouprod01\MyB2BFiles\MyB2BFiles\DataFiles_V2\01026762440\Inbox\XMLASC\086111470100_850_2014111800090_{086111470100}_{690-32-925482056}_{850}_{0030-1390493-3804}_19.xmlasc?1?4?,,,,,
086111470100,,,250006243111814,11/21/2014,08:27:53,,,,,,,,,,,,,,,,,,,,,NLRT,C,"National Retail Trans",,,11172014,,,,,,,,,,,,,,,,,,,,,,,,,,,,,,,,,,,,,,,,,,,,,,,,0030-1390493-3804,,,,,,CTN25,134,,,,,,,,,,,,,,,,,,,,,,,,,,,,,00008512380041468271,,,,,,,,,,,GM,00008512380041473268,,,,,,,UP,851238004021,,,,,,,,4,EA,208,,,4,,,,,,,,,,,,,,,,,,,,,,,\\Covhouprod01\MyB2BFiles\MyB2BFiles\DataFiles_V2\01026762440\Inbox\XMLASC\086111470100_850_2014111800090_{086111470100}_{690-32-925482056}_{850}_{0030-1390493-3804}_19.xmlasc?1?4?,,,,,
086111470100,,,250006243111814,11/21/2014,08:27:53,,,,,,,,,,,,,,,,,,,,,NLRT,C,"National Retail Trans",,,11172014,,,,,,,,,,,,,,,,,,,,,,,,,,,,,,,,,,,,,,,,,,,,,,,,0030-1390493-3804,,,,,,CTN25,134,,,,,,,,,,,,,,,,,,,,,,,,,,,,,00008512380041468288,,,,,,,,,,,GM,00008512380041473268,,,,,,,UP,851238004021,,,,,,,,4,EA,208,,,4,,,,,,,,,,,,,,,,,,,,,,,\\Covhouprod01\MyB2BFiles\MyB2BFiles\DataFiles_V2\01026762440\Inbox\XMLASC\086111470100_850_2014111800090_{086111470100}_{690-32-925482056}_{850}_{0030-1390493-3804}_19.xmlasc?1?4?,,,,,
086111470100,,,250006243111814,11/21/2014,08:27:53,,,,,,,,,,,,,,,,,,,,,NLRT,C,"National Retail Trans",,,11172014,,,,,,,,,,,,,,,,,,,,,,,,,,,,,,,,,,,,,,,,,,,,,,,,0030-1390493-3804,,,,,,CTN25,134,,,,,,,,,,,,,,,,,,,,,,,,,,,,,00008512380041468295,,,,,,,,,,,GM,00008512380041473268,,,,,,,UP,851238004021,,,,,,,,4,EA,208,,,4,,,,,,,,,,,,,,,,,,,,,,,\\Covhouprod01\MyB2BFiles\MyB2BFiles\DataFiles_V2\01026762440\Inbox\XMLASC\086111470100_850_2014111800090_{086111470100}_{690-32-925482056}_{850}_{0030-1390493-3804}_19.xmlasc?1?4?,,,,,
086111470100,,,250006243111814,11/21/2014,08:27:53,,,,,,,,,,,,,,,,,,,,,NLRT,C,"National Retail Trans",,,11172014,,,,,,,,,,,,,,,,,,,,,,,,,,,,,,,,,,,,,,,,,,,,,,,,0030-1390493-3804,,,,,,CTN25,134,,,,,,,,,,,,,,,,,,,,,,,,,,,,,00008512380041468301,,,,,,,,,,,GM,00008512380041473268,,,,,,,UP,851238004021,,,,,,,,4,EA,208,,,4,,,,,,,,,,,,,,,,,,,,,,,\\Covhouprod01\MyB2BFiles\MyB2BFiles\DataFiles_V2\01026762440\Inbox\XMLASC\086111470100_850_2014111800090_{086111470100}_{690-32-925482056}_{850}_{0030-1390493-3804}_19.xmlasc?1?4?,,,,,
086111470100,,,250006243111814,11/21/2014,08:27:53,,,,,,,,,,,,,,,,,,,,,NLRT,C,"National Retail Trans",,,11172014,,,,,,,,,,,,,,,,,,,,,,,,,,,,,,,,,,,,,,,,,,,,,,,,0030-1390493-3804,,,,,,CTN25,134,,,,,,,,,,,,,,,,,,,,,,,,,,,,,00008512380041468318,,,,,,,,,,,GM,00008512380041473268,,,,,,,UP,851238004021,,,,,,,,4,EA,208,,,4,,,,,,,,,,,,,,,,,,,,,,,\\Covhouprod01\MyB2BFiles\MyB2BFiles\DataFiles_V2\01026762440\Inbox\XMLASC\086111470100_850_2014111800090_{086111470100}_{690-32-925482056}_{850}_{0030-1390493-3804}_19.xmlasc?1?4?,,,,,
086111470100,,,250006243111814,11/21/2014,08:27:53,,,,,,,,,,,,,,,,,,,,,NLRT,C,"National Retail Trans",,,11172014,,,,,,,,,,,,,,,,,,,,,,,,,,,,,,,,,,,,,,,,,,,,,,,,0030-1390493-3804,,,,,,CTN25,134,,,,,,,,,,,,,,,,,,,,,,,,,,,,,00008512380041468325,,,,,,,,,,,GM,00008512380041473268,,,,,,,UP,851238004021,,,,,,,,4,EA,208,,,4,,,,,,,,,,,,,,,,,,,,,,,\\Covhouprod01\MyB2BFiles\MyB2BFiles\DataFiles_V2\01026762440\Inbox\XMLASC\086111470100_850_2014111800090_{086111470100}_{690-32-925482056}_{850}_{0030-1390493-3804}_19.xmlasc?1?4?,,,,,
086111470100,,,250006243111814,11/21/2014,08:27:53,,,,,,,,,,,,,,,,,,,,,NLRT,C,"National Retail Trans",,,11172014,,,,,,,,,,,,,,,,,,,,,,,,,,,,,,,,,,,,,,,,,,,,,,,,0030-1390493-3804,,,,,,CTN25,134,,,,,,,,,,,,,,,,,,,,,,,,,,,,,00008512380041468332,,,,,,,,,,,GM,00008512380041473268,,,,,,,UP,851238004021,,,,,,,,4,EA,208,,,4,,,,,,,,,,,,,,,,,,,,,,,\\Covhouprod01\MyB2BFiles\MyB2BFiles\DataFiles_V2\01026762440\Inbox\XMLASC\086111470100_850_2014111800090_{086111470100}_{690-32-925482056}_{850}_{0030-1390493-3804}_19.xmlasc?1?4?,,,,,
086111470100,,,250006243111814,11/21/2014,08:27:53,,,,,,,,,,,,,,,,,,,,,NLRT,C,"National Retail Trans",,,11172014,,,,,,,,,,,,,,,,,,,,,,,,,,,,,,,,,,,,,,,,,,,,,,,,0030-1390493-3804,,,,,,CTN25,134,,,,,,,,,,,,,,,,,,,,,,,,,,,,,00008512380041468349,,,,,,,,,,,GM,00008512380041473268,,,,,,,UP,851238004021,,,,,,,,4,EA,208,,,4,,,,,,,,,,,,,,,,,,,,,,,\\Covhouprod01\MyB2BFiles\MyB2BFiles\DataFiles_V2\01026762440\Inbox\XMLASC\086111470100_850_2014111800090_{086111470100}_{690-32-925482056}_{850}_{0030-1390493-3804}_19.xmlasc?1?4?,,,,,
086111470100,,,250006243111814,11/21/2014,08:27:53,,,,,,,,,,,,,,,,,,,,,NLRT,C,"National Retail Trans",,,11172014,,,,,,,,,,,,,,,,,,,,,,,,,,,,,,,,,,,,,,,,,,,,,,,,0030-1390493-3804,,,,,,CTN25,134,,,,,,,,,,,,,,,,,,,,,,,,,,,,,00008512380041468356,,,,,,,,,,,GM,00008512380041473268,,,,,,,UP,851238004021,,,,,,,,4,EA,208,,,4,,,,,,,,,,,,,,,,,,,,,,,\\Covhouprod01\MyB2BFiles\MyB2BFiles\DataFiles_V2\01026762440\Inbox\XMLASC\086111470100_850_2014111800090_{086111470100}_{690-32-925482056}_{850}_{0030-1390493-3804}_19.xmlasc?1?4?,,,,,
086111470100,,,250006243111814,11/21/2014,08:27:53,,,,,,,,,,,,,,,,,,,,,NLRT,C,"National Retail Trans",,,11172014,,,,,,,,,,,,,,,,,,,,,,,,,,,,,,,,,,,,,,,,,,,,,,,,0030-1390493-3804,,,,,,CTN25,134,,,,,,,,,,,,,,,,,,,,,,,,,,,,,00008512380041468363,,,,,,,,,,,GM,00008512380041473268,,,,,,,UP,851238004021,,,,,,,,4,EA,208,,,4,,,,,,,,,,,,,,,,,,,,,,,\\Covhouprod01\MyB2BFiles\MyB2BFiles\DataFiles_V2\01026762440\Inbox\XMLASC\086111470100_850_2014111800090_{086111470100}_{690-32-925482056}_{850}_{0030-1390493-3804}_19.xmlasc?1?4?,,,,,
086111470100,,,250006243111814,11/21/2014,08:27:53,,,,,,,,,,,,,,,,,,,,,NLRT,C,"National Retail Trans",,,11172014,,,,,,,,,,,,,,,,,,,,,,,,,,,,,,,,,,,,,,,,,,,,,,,,0030-1390493-3804,,,,,,CTN25,134,,,,,,,,,,,,,,,,,,,,,,,,,,,,,00008512380041468370,,,,,,,,,,,GM,00008512380041473268,,,,,,,UP,851238004021,,,,,,,,4,EA,208,,,4,,,,,,,,,,,,,,,,,,,,,,,\\Covhouprod01\MyB2BFiles\MyB2BFiles\DataFiles_V2\01026762440\Inbox\XMLASC\086111470100_850_2014111800090_{086111470100}_{690-32-925482056}_{850}_{0030-1390493-3804}_19.xmlasc?1?4?,,,,,
086111470100,,,250006243111814,11/21/2014,08:27:53,,,,,,,,,,,,,,,,,,,,,NLRT,C,"National Retail Trans",,,11172014,,,,,,,,,,,,,,,,,,,,,,,,,,,,,,,,,,,,,,,,,,,,,,,,0030-1390493-3804,,,,,,CTN25,134,,,,,,,,,,,,,,,,,,,,,,,,,,,,,00008512380041468387,,,,,,,,,,,GM,00008512380041473268,,,,,,,UP,851238004021,,,,,,,,4,EA,208,,,4,,,,,,,,,,,,,,,,,,,,,,,\\Covhouprod01\MyB2BFiles\MyB2BFiles\DataFiles_V2\01026762440\Inbox\XMLASC\086111470100_850_2014111800090_{086111470100}_{690-32-925482056}_{850}_{0030-1390493-3804}_19.xmlasc?1?4?,,,,,
086111470100,,,250006243111814,11/21/2014,08:27:53,,,,,,,,,,,,,,,,,,,,,NLRT,C,"National Retail Trans",,,11172014,,,,,,,,,,,,,,,,,,,,,,,,,,,,,,,,,,,,,,,,,,,,,,,,0030-1390493-3804,,,,,,CTN25,134,,,,,,,,,,,,,,,,,,,,,,,,,,,,,00008512380041468394,,,,,,,,,,,GM,00008512380041473268,,,,,,,UP,851238004021,,,,,,,,4,EA,208,,,4,,,,,,,,,,,,,,,,,,,,,,,\\Covhouprod01\MyB2BFiles\MyB2BFiles\DataFiles_V2\01026762440\Inbox\XMLASC\086111470100_850_2014111800090_{086111470100}_{690-32-925482056}_{850}_{0030-1390493-3804}_19.xmlasc?1?4?,,,,,
086111470100,,,250006243111814,11/21/2014,08:27:53,,,,,,,,,,,,,,,,,,,,,NLRT,C,"National Retail Trans",,,11172014,,,,,,,,,,,,,,,,,,,,,,,,,,,,,,,,,,,,,,,,,,,,,,,,0030-1390493-3804,,,,,,CTN25,134,,,,,,,,,,,,,,,,,,,,,,,,,,,,,00008512380041468400,,,,,,,,,,,GM,00008512380041473268,,,,,,,UP,851238004021,,,,,,,,4,EA,208,,,4,,,,,,,,,,,,,,,,,,,,,,,\\Covhouprod01\MyB2BFiles\MyB2BFiles\DataFiles_V2\01026762440\Inbox\XMLASC\086111470100_850_2014111800090_{086111470100}_{690-32-925482056}_{850}_{0030-1390493-3804}_19.xmlasc?1?4?,,,,,
086111470100,,,250006243111814,11/21/2014,08:27:53,,,,,,,,,,,,,,,,,,,,,NLRT,C,"National Retail Trans",,,11172014,,,,,,,,,,,,,,,,,,,,,,,,,,,,,,,,,,,,,,,,,,,,,,,,0030-1390493-3804,,,,,,CTN25,134,,,,,,,,,,,,,,,,,,,,,,,,,,,,,00008512380041468417,,,,,,,,,,,GM,00008512380041473268,,,,,,,UP,851238004021,,,,,,,,4,EA,208,,,4,,,,,,,,,,,,,,,,,,,,,,,\\Covhouprod01\MyB2BFiles\MyB2BFiles\DataFiles_V2\01026762440\Inbox\XMLASC\086111470100_850_2014111800090_{086111470100}_{690-32-925482056}_{850}_{0030-1390493-3804}_19.xmlasc?1?4?,,,,,
086111470100,,,250006243111814,11/21/2014,08:27:53,,,,,,,,,,,,,,,,,,,,,NLRT,C,"National Retail Trans",,,11172014,,,,,,,,,,,,,,,,,,,,,,,,,,,,,,,,,,,,,,,,,,,,,,,,0030-1390493-3804,,,,,,CTN25,134,,,,,,,,,,,,,,,,,,,,,,,,,,,,,00008512380041468424,,,,,,,,,,,GM,00008512380041473268,,,,,,,UP,851238004021,,,,,,,,4,EA,208,,,4,,,,,,,,,,,,,,,,,,,,,,,\\Covhouprod01\MyB2BFiles\MyB2BFiles\DataFiles_V2\01026762440\Inbox\XMLASC\086111470100_850_2014111800090_{086111470100}_{690-32-925482056}_{850}_{0030-1390493-3804}_19.xmlasc?1?4?,,,,,
086111470100,,,250006243111814,11/21/2014,08:27:53,,,,,,,,,,,,,,,,,,,,,NLRT,C,"National Retail Trans",,,11172014,,,,,,,,,,,,,,,,,,,,,,,,,,,,,,,,,,,,,,,,,,,,,,,,0030-1390493-3804,,,,,,CTN25,134,,,,,,,,,,,,,,,,,,,,,,,,,,,,,00008512380041468431,,,,,,,,,,,GM,00008512380041473268,,,,,,,UP,851238004021,,,,,,,,4,EA,208,,,4,,,,,,,,,,,,,,,,,,,,,,,\\Covhouprod01\MyB2BFiles\MyB2BFiles\DataFiles_V2\01026762440\Inbox\XMLASC\086111470100_850_2014111800090_{086111470100}_{690-32-925482056}_{850}_{0030-1390493-3804}_19.xmlasc?1?4?,,,,,
086111470100,,,250006243111814,11/21/2014,08:27:53,,,,,,,,,,,,,,,,,,,,,NLRT,C,"National Retail Trans",,,11172014,,,,,,,,,,,,,,,,,,,,,,,,,,,,,,,,,,,,,,,,,,,,,,,,0030-1390493-3804,,,,,,CTN25,134,,,,,,,,,,,,,,,,,,,,,,,,,,,,,00008512380041468448,,,,,,,,,,,GM,00008512380041473268,,,,,,,UP,851238004021,,,,,,,,4,EA,208,,,4,,,,,,,,,,,,,,,,,,,,,,,\\Covhouprod01\MyB2BFiles\MyB2BFiles\DataFiles_V2\01026762440\Inbox\XMLASC\086111470100_850_2014111800090_{086111470100}_{690-32-925482056}_{850}_{0030-1390493-3804}_19.xmlasc?1?4?,,,,,
086111470100,,,250006243111814,11/21/2014,08:27:53,,,,,,,,,,,,,,,,,,,,,NLRT,C,"National Retail Trans",,,11172014,,,,,,,,,,,,,,,,,,,,,,,,,,,,,,,,,,,,,,,,,,,,,,,,0030-1390493-3804,,,,,,CTN25,134,,,,,,,,,,,,,,,,,,,,,,,,,,,,,00008512380041468455,,,,,,,,,,,GM,00008512380041473268,,,,,,,UP,851238004021,,,,,,,,4,EA,208,,,4,,,,,,,,,,,,,,,,,,,,,,,\\Covhouprod01\MyB2BFiles\MyB2BFiles\DataFiles_V2\01026762440\Inbox\XMLASC\086111470100_850_2014111800090_{086111470100}_{690-32-925482056}_{850}_{0030-1390493-3804}_19.xmlasc?1?4?,,,,,
086111470100,,,250006243111814,11/21/2014,08:27:53,,,,,,,,,,,,,,,,,,,,,NLRT,C,"National Retail Trans",,,11172014,,,,,,,,,,,,,,,,,,,,,,,,,,,,,,,,,,,,,,,,,,,,,,,,0030-1390493-3804,,,,,,CTN25,134,,,,,,,,,,,,,,,,,,,,,,,,,,,,,00008512380041468462,,,,,,,,,,,GM,00008512380041473268,,,,,,,UP,851238004021,,,,,,,,4,EA,208,,,4,,,,,,,,,,,,,,,,,,,,,,,\\Covhouprod01\MyB2BFiles\MyB2BFiles\DataFiles_V2\01026762440\Inbox\XMLASC\086111470100_850_2014111800090_{086111470100}_{690-32-925482056}_{850}_{0030-1390493-3804}_19.xmlasc?1?4?,,,,,
086111470100,,,250006243111814,11/21/2014,08:27:53,,,,,,,,,,,,,,,,,,,,,NLRT,C,"National Retail Trans",,,11172014,,,,,,,,,,,,,,,,,,,,,,,,,,,,,,,,,,,,,,,,,,,,,,,,0030-1390493-3804,,,,,,CTN25,134,,,,,,,,,,,,,,,,,,,,,,,,,,,,,00008512380041468479,,,,,,,,,,,GM,00008512380041473268,,,,,,,UP,851238004021,,,,,,,,4,EA,208,,,4,,,,,,,,,,,,,,,,,,,,,,,\\Covhouprod01\MyB2BFiles\MyB2BFiles\DataFiles_V2\01026762440\Inbox\XMLASC\086111470100_850_2014111800090_{086111470100}_{690-32-925482056}_{850}_{0030-1390493-3804}_19.xmlasc?1?4?,,,,,
086111470100,,,250006243111814,11/21/2014,08:27:53,,,,,,,,,,,,,,,,,,,,,NLRT,C,"National Retail Trans",,,11172014,,,,,,,,,,,,,,,,,,,,,,,,,,,,,,,,,,,,,,,,,,,,,,,,0030-1390493-3804,,,,,,CTN25,134,,,,,,,,,,,,,,,,,,,,,,,,,,,,,00008512380041468486,,,,,,,,,,,GM,00008512380041473268,,,,,,,UP,851238004021,,,,,,,,4,EA,208,,,4,,,,,,,,,,,,,,,,,,,,,,,\\Covhouprod01\MyB2BFiles\MyB2BFiles\DataFiles_V2\01026762440\Inbox\XMLASC\086111470100_850_2014111800090_{086111470100}_{690-32-925482056}_{850}_{0030-1390493-3804}_19.xmlasc?1?4?,,,,,
086111470100,,,250006243111814,11/21/2014,08:27:53,,,,,,,,,,,,,,,,,,,,,NLRT,C,"National Retail Trans",,,11172014,,,,,,,,,,,,,,,,,,,,,,,,,,,,,,,,,,,,,,,,,,,,,,,,0030-1390493-3804,,,,,,CTN25,134,,,,,,,,,,,,,,,,,,,,,,,,,,,,,00008512380041468493,,,,,,,,,,,GM,00008512380041473268,,,,,,,UP,851238004021,,,,,,,,4,EA,208,,,4,,,,,,,,,,,,,,,,,,,,,,,\\Covhouprod01\MyB2BFiles\MyB2BFiles\DataFiles_V2\01026762440\Inbox\XMLASC\086111470100_850_2014111800090_{086111470100}_{690-32-925482056}_{850}_{0030-1390493-3804}_19.xmlasc?1?4?,,,,,
086111470100,,,250006243111814,11/21/2014,08:27:53,,,,,,,,,,,,,,,,,,,,,NLRT,C,"National Retail Trans",,,11172014,,,,,,,,,,,,,,,,,,,,,,,,,,,,,,,,,,,,,,,,,,,,,,,,0030-1390493-3804,,,,,,CTN25,134,,,,,,,,,,,,,,,,,,,,,,,,,,,,,00008512380041468509,,,,,,,,,,,GM,00008512380041473268,,,,,,,UP,851238004021,,,,,,,,4,EA,208,,,4,,,,,,,,,,,,,,,,,,,,,,,\\Covhouprod01\MyB2BFiles\MyB2BFiles\DataFiles_V2\01026762440\Inbox\XMLASC\086111470100_850_2014111800090_{086111470100}_{690-32-925482056}_{850}_{0030-1390493-3804}_19.xmlasc?1?4?,,,,,
086111470100,,,250006243111814,11/21/2014,08:27:53,,,,,,,,,,,,,,,,,,,,,NLRT,C,"National Retail Trans",,,11172014,,,,,,,,,,,,,,,,,,,,,,,,,,,,,,,,,,,,,,,,,,,,,,,,0030-1390493-3804,,,,,,CTN25,134,,,,,,,,,,,,,,,,,,,,,,,,,,,,,00008512380041468516,,,,,,,,,,,GM,00008512380041473268,,,,,,,UP,851238004021,,,,,,,,4,EA,208,,,4,,,,,,,,,,,,,,,,,,,,,,,\\Covhouprod01\MyB2BFiles\MyB2BFiles\DataFiles_V2\01026762440\Inbox\XMLASC\086111470100_850_2014111800090_{086111470100}_{690-32-925482056}_{850}_{0030-1390493-3804}_19.xmlasc?1?4?,,,,,
086111470100,,,250006243111814,11/21/2014,08:27:53,,,,,,,,,,,,,,,,,,,,,NLRT,C,"National Retail Trans",,,11172014,,,,,,,,,,,,,,,,,,,,,,,,,,,,,,,,,,,,,,,,,,,,,,,,0030-1390493-3804,,,,,,CTN25,134,,,,,,,,,,,,,,,,,,,,,,,,,,,,,00008512380041468523,,,,,,,,,,,GM,00008512380041473268,,,,,,,UP,851238004021,,,,,,,,4,EA,208,,,4,,,,,,,,,,,,,,,,,,,,,,,\\Covhouprod01\MyB2BFiles\MyB2BFiles\DataFiles_V2\01026762440\Inbox\XMLASC\086111470100_850_2014111800090_{086111470100}_{690-32-925482056}_{850}_{0030-1390493-3804}_19.xmlasc?1?4?,,,,,
086111470100,,,250006243111814,11/21/2014,08:27:53,,,,,,,,,,,,,,,,,,,,,NLRT,C,"National Retail Trans",,,11172014,,,,,,,,,,,,,,,,,,,,,,,,,,,,,,,,,,,,,,,,,,,,,,,,0030-1390493-3804,,,,,,CTN25,134,,,,,,,,,,,,,,,,,,,,,,,,,,,,,00008512380041468530,,,,,,,,,,,GM,00008512380041473268,,,,,,,UP,851238004021,,,,,,,,4,EA,208,,,4,,,,,,,,,,,,,,,,,,,,,,,\\Covhouprod01\MyB2BFiles\MyB2BFiles\DataFiles_V2\01026762440\Inbox\XMLASC\086111470100_850_2014111800090_{086111470100}_{690-32-925482056}_{850}_{0030-1390493-3804}_19.xmlasc?1?4?,,,,,
086111470100,,,250006243111814,11/21/2014,08:27:53,,,,,,,,,,,,,,,,,,,,,NLRT,C,"National Retail Trans",,,11172014,,,,,,,,,,,,,,,,,,,,,,,,,,,,,,,,,,,,,,,,,,,,,,,,0030-1390493-3804,,,,,,CTN25,134,,,,,,,,,,,,,,,,,,,,,,,,,,,,,00008512380041468547,,,,,,,,,,,GM,00008512380041473268,,,,,,,UP,851238004021,,,,,,,,4,EA,208,,,4,,,,,,,,,,,,,,,,,,,,,,,\\Covhouprod01\MyB2BFiles\MyB2BFiles\DataFiles_V2\01026762440\Inbox\XMLASC\086111470100_850_2014111800090_{086111470100}_{690-32-925482056}_{850}_{0030-1390493-3804}_19.xmlasc?1?4?,,,,,
086111470100,,,250006243111814,11/21/2014,08:27:53,,,,,,,,,,,,,,,,,,,,,NLRT,C,"National Retail Trans",,,11172014,,,,,,,,,,,,,,,,,,,,,,,,,,,,,,,,,,,,,,,,,,,,,,,,0030-1390493-3804,,,,,,CTN25,134,,,,,,,,,,,,,,,,,,,,,,,,,,,,,00008512380041468554,,,,,,,,,,,GM,00008512380041473268,,,,,,,UP,851238004021,,,,,,,,4,EA,208,,,4,,,,,,,,,,,,,,,,,,,,,,,\\Covhouprod01\MyB2BFiles\MyB2BFiles\DataFiles_V2\01026762440\Inbox\XMLASC\086111470100_850_2014111800090_{086111470100}_{690-32-925482056}_{850}_{0030-1390493-3804}_19.xmlasc?1?4?,,,,,
086111470100,,,250006243111814,11/21/2014,08:27:53,,,,,,,,,,,,,,,,,,,,,NLRT,C,"National Retail Trans",,,11172014,,,,,,,,,,,,,,,,,,,,,,,,,,,,,,,,,,,,,,,,,,,,,,,,0030-1390493-3804,,,,,,CTN25,134,,,,,,,,,,,,,,,,,,,,,,,,,,,,,00008512380041468561,,,,,,,,,,,GM,00008512380041473268,,,,,,,UP,851238004021,,,,,,,,4,EA,208,,,4,,,,,,,,,,,,,,,,,,,,,,,\\Covhouprod01\MyB2BFiles\MyB2BFiles\DataFiles_V2\01026762440\Inbox\XMLASC\086111470100_850_2014111800090_{086111470100}_{690-32-925482056}_{850}_{0030-1390493-3804}_19.xmlasc?1?4?,,,,,
086111470100,,,250006243111814,11/21/2014,08:27:53,,,,,,,,,,,,,,,,,,,,,NLRT,C,"National Retail Trans",,,11172014,,,,,,,,,,,,,,,,,,,,,,,,,,,,,,,,,,,,,,,,,,,,,,,,0030-1390493-3804,,,,,,CTN25,134,,,,,,,,,,,,,,,,,,,,,,,,,,,,,00008512380041468578,,,,,,,,,,,GM,00008512380041473268,,,,,,,UP,851238004021,,,,,,,,4,EA,208,,,4,,,,,,,,,,,,,,,,,,,,,,,\\Covhouprod01\MyB2BFiles\MyB2BFiles\DataFiles_V2\01026762440\Inbox\XMLASC\086111470100_850_2014111800090_{086111470100}_{690-32-925482056}_{850}_{0030-1390493-3804}_19.xmlasc?1?4?,,,,,
086111470100,,,250006243111814,11/21/2014,08:27:53,,,,,,,,,,,,,,,,,,,,,NLRT,C,"National Retail Trans",,,11172014,,,,,,,,,,,,,,,,,,,,,,,,,,,,,,,,,,,,,,,,,,,,,,,,0030-1390493-3804,,,,,,CTN25,134,,,,,,,,,,,,,,,,,,,,,,,,,,,,,00008512380041468585,,,,,,,,,,,GM,00008512380041473268,,,,,,,UP,851238004021,,,,,,,,4,EA,208,,,4,,,,,,,,,,,,,,,,,,,,,,,\\Covhouprod01\MyB2BFiles\MyB2BFiles\DataFiles_V2\01026762440\Inbox\XMLASC\086111470100_850_2014111800090_{086111470100}_{690-32-925482056}_{850}_{0030-1390493-3804}_19.xmlasc?1?4?,,,,,
086111470100,,,250006243111814,11/21/2014,08:27:53,,,,,,,,,,,,,,,,,,,,,NLRT,C,"National Retail Trans",,,11172014,,,,,,,,,,,,,,,,,,,,,,,,,,,,,,,,,,,,,,,,,,,,,,,,0030-1390493-3804,,,,,,CTN25,134,,,,,,,,,,,,,,,,,,,,,,,,,,,,,00008512380041468592,,,,,,,,,,,GM,00008512380041473268,,,,,,,UP,851238004021,,,,,,,,4,EA,208,,,4,,,,,,,,,,,,,,,,,,,,,,,\\Covhouprod01\MyB2BFiles\MyB2BFiles\DataFiles_V2\01026762440\Inbox\XMLASC\086111470100_850_2014111800090_{086111470100}_{690-32-925482056}_{850}_{0030-1390493-3804}_19.xmlasc?1?4?,,,,,
086111470100,,,250006243111814,11/21/2014,08:27:53,,,,,,,,,,,,,,,,,,,,,NLRT,C,"National Retail Trans",,,11172014,,,,,,,,,,,,,,,,,,,,,,,,,,,,,,,,,,,,,,,,,,,,,,,,0030-1390493-3804,,,,,,CTN25,134,,,,,,,,,,,,,,,,,,,,,,,,,,,,,00008512380041468608,,,,,,,,,,,GM,00008512380041473268,,,,,,,UP,851238004021,,,,,,,,4,EA,208,,,4,,,,,,,,,,,,,,,,,,,,,,,\\Covhouprod01\MyB2BFiles\MyB2BFiles\DataFiles_V2\01026762440\Inbox\XMLASC\086111470100_850_2014111800090_{086111470100}_{690-32-925482056}_{850}_{0030-1390493-3804}_19.xmlasc?1?4?,,,,,
086111470100,,,250006243111814,11/21/2014,08:27:53,,,,,,,,,,,,,,,,,,,,,NLRT,C,"National Retail Trans",,,11172014,,,,,,,,,,,,,,,,,,,,,,,,,,,,,,,,,,,,,,,,,,,,,,,,0030-1390493-3804,,,,,,CTN25,134,,,,,,,,,,,,,,,,,,,,,,,,,,,,,00008512380041468615,,,,,,,,,,,GM,00008512380041473268,,,,,,,UP,851238004021,,,,,,,,4,EA,208,,,4,,,,,,,,,,,,,,,,,,,,,,,\\Covhouprod01\MyB2BFiles\MyB2BFiles\DataFiles_V2\01026762440\Inbox\XMLASC\086111470100_850_2014111800090_{086111470100}_{690-32-925482056}_{850}_{0030-1390493-3804}_19.xmlasc?1?4?,,,,,
086111470100,,,250006243111814,11/21/2014,08:27:53,,,,,,,,,,,,,,,,,,,,,NLRT,C,"National Retail Trans",,,11172014,,,,,,,,,,,,,,,,,,,,,,,,,,,,,,,,,,,,,,,,,,,,,,,,0030-1390493-3804,,,,,,CTN25,134,,,,,,,,,,,,,,,,,,,,,,,,,,,,,00008512380041468622,,,,,,,,,,,GM,00008512380041473268,,,,,,,UP,851238004021,,,,,,,,4,EA,208,,,4,,,,,,,,,,,,,,,,,,,,,,,\\Covhouprod01\MyB2BFiles\MyB2BFiles\DataFiles_V2\01026762440\Inbox\XMLASC\086111470100_850_2014111800090_{086111470100}_{690-32-925482056}_{850}_{0030-1390493-3804}_19.xmlasc?1?4?,,,,,
086111470100,,,250006243111814,11/21/2014,08:27:53,,,,,,,,,,,,,,,,,,,,,NLRT,C,"National Retail Trans",,,11172014,,,,,,,,,,,,,,,,,,,,,,,,,,,,,,,,,,,,,,,,,,,,,,,,0030-1390493-3804,,,,,,CTN25,134,,,,,,,,,,,,,,,,,,,,,,,,,,,,,00008512380041468639,,,,,,,,,,,GM,00008512380041473268,,,,,,,UP,851238004021,,,,,,,,4,EA,208,,,4,,,,,,,,,,,,,,,,,,,,,,,\\Covhouprod01\MyB2BFiles\MyB2BFiles\DataFiles_V2\01026762440\Inbox\XMLASC\086111470100_850_2014111800090_{086111470100}_{690-32-925482056}_{850}_{0030-1390493-3804}_19.xmlasc?1?4?,,,,,
086111470100,,,250006243111814,11/21/2014,08:27:53,,,,,,,,,,,,,,,,,,,,,NLRT,C,"National Retail Trans",,,11172014,,,,,,,,,,,,,,,,,,,,,,,,,,,,,,,,,,,,,,,,,,,,,,,,0030-1390493-3804,,,,,,CTN25,134,,,,,,,,,,,,,,,,,,,,,,,,,,,,,00008512380041468646,,,,,,,,,,,GM,00008512380041473268,,,,,,,UP,851238004021,,,,,,,,4,EA,208,,,4,,,,,,,,,,,,,,,,,,,,,,,\\Covhouprod01\MyB2BFiles\MyB2BFiles\DataFiles_V2\01026762440\Inbox\XMLASC\086111470100_850_2014111800090_{086111470100}_{690-32-925482056}_{850}_{0030-1390493-3804}_19.xmlasc?1?4?,,,,,
086111470100,,,250006243111814,11/21/2014,08:27:53,,,,,,,,,,,,,,,,,,,,,NLRT,C,"National Retail Trans",,,11172014,,,,,,,,,,,,,,,,,,,,,,,,,,,,,,,,,,,,,,,,,,,,,,,,0030-1390493-3804,,,,,,CTN25,134,,,,,,,,,,,,,,,,,,,,,,,,,,,,,00008512380041468653,,,,,,,,,,,GM,00008512380041473268,,,,,,,UP,851238004021,,,,,,,,4,EA,208,,,4,,,,,,,,,,,,,,,,,,,,,,,\\Covhouprod01\MyB2BFiles\MyB2BFiles\DataFiles_V2\01026762440\Inbox\XMLASC\086111470100_850_2014111800090_{086111470100}_{690-32-925482056}_{850}_{0030-1390493-3804}_19.xmlasc?1?4?,,,,,
086111470100,,,250006243111814,11/21/2014,08:27:53,,,,,,,,,,,,,,,,,,,,,NLRT,C,"National Retail Trans",,,11172014,,,,,,,,,,,,,,,,,,,,,,,,,,,,,,,,,,,,,,,,,,,,,,,,0030-1390493-3804,,,,,,CTN25,134,,,,,,,,,,,,,,,,,,,,,,,,,,,,,00008512380041468660,,,,,,,,,,,GM,00008512380041473268,,,,,,,UP,851238004021,,,,,,,,4,EA,208,,,4,,,,,,,,,,,,,,,,,,,,,,,\\Covhouprod01\MyB2BFiles\MyB2BFiles\DataFiles_V2\01026762440\Inbox\XMLASC\086111470100_850_2014111800090_{086111470100}_{690-32-925482056}_{850}_{0030-1390493-3804}_19.xmlasc?1?4?,,,,,
086111470100,,,250006243111814,11/21/2014,08:27:53,,,,,,,,,,,,,,,,,,,,,NLRT,C,"National Retail Trans",,,11172014,,,,,,,,,,,,,,,,,,,,,,,,,,,,,,,,,,,,,,,,,,,,,,,,0030-1390493-3804,,,,,,CTN25,134,,,,,,,,,,,,,,,,,,,,,,,,,,,,,00008512380041468677,,,,,,,,,,,GM,00008512380041473268,,,,,,,UP,851238004021,,,,,,,,4,EA,208,,,4,,,,,,,,,,,,,,,,,,,,,,,\\Covhouprod01\MyB2BFiles\MyB2BFiles\DataFiles_V2\01026762440\Inbox\XMLASC\086111470100_850_2014111800090_{086111470100}_{690-32-925482056}_{850}_{0030-1390493-3804}_19.xmlasc?1?4?,,,,,
086111470100,,,250006243111814,11/21/2014,08:27:53,,,,,,,,,,,,,,,,,,,,,NLRT,C,"National Retail Trans",,,11172014,,,,,,,,,,,,,,,,,,,,,,,,,,,,,,,,,,,,,,,,,,,,,,,,0030-1390493-3804,,,,,,CTN25,134,,,,,,,,,,,,,,,,,,,,,,,,,,,,,00008512380041468684,,,,,,,,,,,GM,00008512380041473268,,,,,,,UP,851238004021,,,,,,,,4,EA,208,,,4,,,,,,,,,,,,,,,,,,,,,,,\\Covhouprod01\MyB2BFiles\MyB2BFiles\DataFiles_V2\01026762440\Inbox\XMLASC\086111470100_850_2014111800090_{086111470100}_{690-32-925482056}_{850}_{0030-1390493-3804}_19.xmlasc?1?4?,,,,,
